# callgrind format
version: 1
creator: callgrind-3.18.1
pid: 24696
cmd:  ./hash_table.exe
part: 1


desc: I1 cache: 
desc: D1 cache: 
desc: LL cache: 

desc: Timerange: Basic block 0 - 4596755274
desc: Trigger: Program termination

positions: line
events: Ir
summary: 32813249411


ob=(2) ???
fl=(51) ???
fn=(582) 0x000000000487e380
0 6
cob=(3) /usr/lib/x86_64-linux-gnu/libc.so.6
cfi=(160) ./malloc/./malloc/malloc.c
cfn=(584) malloc
calls=3 3287 
0 411

fn=(838) 0x000000000483f040
0 2
cob=(3)
cfi=(206) ./stdlib/./stdlib/cxa_finalize.c
cfn=(812) __cxa_finalize
calls=1 30 
0 72

fn=(572) 0x000000000487e670
0 6
cob=(3)
cfi=(166) ./string/../sysdeps/x86_64/multiarch/memset-vec-unaligned-erms.S
cfn=(574) __memset_avx2_unaligned_erms
calls=3 181 
0 129899

fn=(682) 0x000000000487e620
0 32482
cob=(3)
cfi=(188) ./string/../sysdeps/x86_64/multiarch/memmove-vec-unaligned-erms.S
cfn=(684) __memcpy_avx_unaligned_erms
calls=16241 307 
0 280801

fn=(758) 0x000000000487e4d0
0 4
cob=(3)
cfi=(174) ./string/../sysdeps/x86_64/multiarch/strchr-avx2.S
cfn=(760) __strchrnul_avx2
calls=2 51 
0 47

fn=(772) 0x000000000487e3e0
0 4
cob=(3)
cfi=(188)
cfn=(774) __mempcpy_avx_unaligned_erms
calls=2 294 
0 33

fn=(830) 0x000000000483f334
0 3
cob=(4) /usr/libexec/valgrind/vgpreload_core-amd64-linux.so
cfi=(145) ???
cfn=(832) 0x00000000000010e0
calls=1 0 
0 105
0 2

fn=(722) 0x000000000487e490
0 28758
cob=(3)
cfi=(192) ./string/../sysdeps/x86_64/multiarch/strlen-avx2.S
cfn=(724) __strlen_avx2
calls=14379 50 
0 201600

fn=(164) 0x0000000004002050
0 6
cob=(1) /usr/lib/x86_64-linux-gnu/ld-linux-x86-64.so.2
cfi=(52) ./elf/./elf/dl-error-skeleton.c
cfn=(166) _dl_catch_exception
calls=3 175 
0 9746

fn=(516) 0x0000000000109000
0 7

fn=(478) 0x000000000483f000
0 6
cob=(4)
cfi=(145)
cfn=(482) 0x0000000000001170
calls=1 0 
0 12
0 1
cob=(4)
cfi=(145)
cfn=(490) 0x00000000000012f0
calls=1 0 
0 5
0 2

fn=(608) 0x000000000487e600
0 2
cob=(3)
cfi=(174)
cfn=(610) __strchr_avx2
calls=1 51 
0 21

fn=(810) 0x00000000001091d0
0 1
cob=(3)
cfi=(206)
cfn=(812)
calls=1 30 
0 72

fn=(526) 0x000000000487e6d0
0 2
cob=(1)
cfi=(49) ./elf/./elf/dl-audit.c
cfn=(530) _dl_audit_preinit
calls=1 117 
0 5
cob=(1)
cfi=(141) ./elf/../sysdeps/x86_64/dl-trampoline.h
cfn=(456) _dl_runtime_resolve_xsave
calls=1 67 
0 824
0 5

fn=(160) 0x0000000004002080
0 2
cob=(1)
cfi=(52)
cfn=(162) _dl_catch_error
calls=1 225 
0 2782

fn=(450) 0x000000000487e650
0 38
cob=(1)
cfi=(10) ./elf/./elf/dl-tunables.c
cfn=(24) __tunable_get_val
calls=19 405 
0 391
cob=(1)
cfi=(141)
cfn=(456)
calls=1 67 
0 813
0 5

fn=(500) 0x000000000487e5f0
0 2
cob=(3)
cfi=(148) ./string/../sysdeps/x86_64/multiarch/strrchr-avx2.S
cfn=(502) __strrchr_avx2
calls=1 46 
0 28

fn=(646) 0x000000000487e370
0 8
cob=(3)
cfi=(160)
cfn=(648) free
calls=4 3352 
0 229

fn=(826) 0x000000000010bc8c
0 4

ob=(1)
fl=(134) ./elf/./elf/dl-lookup-direct.c
fn=(434) _dl_lookup_direct
74 30
+2 3
-2 3
+4 3
-4 3
+2 3
+2 9
+37 3
-37 9
+1 6
+2 12
+3 25
-52 3
+54 6
-54 3
+54 3
-54 9
+1 9
+2 6
+1 6
+12 12
+3 3
+2 3
-2 3
+2 9
cfi=(32) ./string/../sysdeps/x86_64/strcmp.S
cfn=(90) strcmp
calls=3 +55 
* 207
* 6
+4 6
+1 3
-1 3
+1 18
+1 9
cfi=(32)
cfn=(90)
calls=3 +49 
* 75
* 6
+57 27
-23 6

fl=(64) ./io/../sysdeps/unix/sysv/linux/close_nocancel.c
fn=(204) __GI___close_nocancel
25 3
+1 12
+1 3

fl=(1) ???
fn=(0) 0x0000000000020290
0 2
cfi=(2) ./elf/./elf/rtld.c
cfn=(2) _dl_start
calls=1 527 
0 165101
0 14
cfi=(144) ./elf/./elf/dl-init.c
cfn=(474) _dl_init
calls=1 77 
0 355
0 3
cob=(5) /home/matvey/Рабочий стол/HashTable/hash_table.exe
cfi=(150) ???
cfn=(508) (below main)
calls=1 0 
0 32813083936

fl=(25) ./elf/./elf/dl-environ.c
fn=(68) _dl_next_ld_env_entry
28 3
+1 3
+3 71
+13 61
-13 122
+2 126
+1 18
+5 2
-3 2
+3 2
+2 2
+7 1

fl=(49)
fn=(206) _dl_audit_objopen
76 2
+1 8

fn=(828) _dl_audit_objclose
96 4
+1 16

fn=(466) _dl_audit_activity_nsid
40 6
+4 3
-4 3
+4 3
-4 3
+4 3
-4 6
+4 3
+1 3
+1 12
+4 18

fn=(530)
117 1
+1 4

fn=(154) _dl_audit_activity_map
28 6
+2 1
-1 1
+1 2
+6 6

fl=(19) ./elf/../sysdeps/x86/dl-cacheinfo.h
fn=(46) handle_intel.constprop.0
255 24
-5 24
+16 12
-16 72
+13 12
+1 36
-3 24
+11 60
+5 24
+2 12
+1 12
-1 12
+5 48
cfn=(48) intel_check_word.constprop.0
calls=12 123 
* 3876
+2 24
+3 60
cfn=(48)
calls=12 123 
* 1156
+2 24
+3 5
cfn=(48)
calls=1 123 
* 20
+2 2
+3 5
cfn=(48)
calls=1 123 
* 255
+2 2
-35 3
+39 3
+5 96

fn=(48)
123 78
-4 78
+10 104
-10 26
+10 52
+2 52
+71 200
-71 102
+2 63
+2 126
+8 126
+51 102
+22 51
fi=(20) ./elf/../bits/stdlib-bsearch.h
28 51
-1 102
+4 102
+1 51
fe=(19)
+78 102
fi=(20)
-79 76
+1 38
fe=(19)
+78 76
+3 345
fi=(20)
-84 820
+2 512
+1 256
fe=(19)
+78 512
+15 15
246 104
fi=(20)
37 63
-8 151
fe=(19)
155 36
+3 36
-6 54
+3 14
+9 14
+23 19
-32 57
+3 57
+4 50
+2 100
+2 50
+2 36
+4 11
+2 22
+6 14
+3 8
+1 12
-8 4
+2 4
-1 4
-1 4
+2 8
-2 4
+3 12
-2 12
+2 8
-10 24
+1 10
+11 12
-26 4
+9 4
+23 2
-32 6
+3 6
+4 8
+2 16
+2 8
-11 3
+7 6
+2 12

fn=(52) get_common_cache_info.constprop.0
481 1
+17 1
-17 4
+16 1
-16 1
+15 1
-15 3
+18 1
-1 1
+9 2
+3 3
+11 1
-11 1
-5 1
+21 3
+4 2
681 4
+1 5
+4 2
+9 2
-2 1
+2 2
-1 1
+1 3
535 6
+3 8
+7 2
-7 9
+7 6
+3 26
+14 2
+4 1
+3 1
+1 1
-4 2
+3 3
+6 2
-37 6
+15 2
+4 1
+1 1
-1 2
+18 2
-68 6
+74 4
+8 7
+2 2
+4 3
+2 1
+2 5
-4 1
+16 1
-16 3
+21 2
-21 4
+3 1
+1 4
-4 1
+6 4
+3 2
+5 1
+2 2
+1 1
+1 1
-2 2
+1 1
-19 5
+46 2
+1 1
+1 2
+2 2
-1 3
-23 2
+7 1
+2 2
-16 1
+22 1
-6 2
+1 1
+5 1

fl=(144)
fn=(474)
77 12
+1 1
+1 1
+3 3
+8 2
+25 1
+1 5
+1 2
-86 4
+86 6
-86 12
+2 20
cfn=(476) call_init.part.0
calls=3 -7 
* 193
+83 12
+7 8
-92 4
+2 6
cfn=(476)
calls=1 -7 
* 61
+52 2

fn=(476)
26 32
+13 4
-13 4
+16 4
-3 8
+3 8
+5 6
+8 9
+1 6
cob=(2)
cfi=(51)
cfn=(478)
calls=1 -56 
* 26
+3 3
+1 6
+6 2
+2 2
-2 1
+3 7
+1 4
cob=(3)
cfi=(149) ./libio/./libio/vtables.c
cfn=(504) check_stdfiles_vtables
calls=1 +13 
* 12
* 4
cob=(3)
cfi=(146) ./csu/./csu/init-first.c
cfn=(496) _init_first
calls=1 -24 
* 74
-1 6
+3 24
-29 2

fl=(203) ./elf/./elf/dl-fini.c
fn=(798) _dl_fini
31 9
+20 3
-3 7
+3 4
+3 2
cob=(3)
cfi=(204) ./nptl/./nptl/pthread_mutex_lock.c
cfn=(800) pthread_mutex_lock@@GLIBC_2.2.5
calls=1 +23 
* 43
+2 1
+3 2
+2 6
+7 2
-2 1
+2 1
cfi=(49)
cfn=(466)
calls=1 -28 
* 21
+5 14
+5 1
-5 1
+5 3
+2 8
+2 8
+2 8
+1 4
+1 4
+4 4
-12 12
+14 6
+1 4
+6 5
cfi=(12) ./elf/./elf/dl-sort-maps.c
cfn=(246) _dl_sort_maps
calls=1 290 
* 300
+9 2
cob=(3)
cfi=(205) ./nptl/./nptl/pthread_mutex_unlock.c
cfn=(802) pthread_mutex_unlock@@GLIBC_2.2.5
calls=1 367 
* 34
+5 6
+2 1
+2 3
-2 3
+2 9
+3 8
+3 12
+4 2
+11 4
+1 1
+1 2
+1 5
+1 2
cob=(5)
cfi=(150)
cfn=(804) 0x00000000000012e0
calls=1 0 
* 91
-1 5
+5 3
+1 6
cob=(2)
cfi=(51)
cfn=(830)
calls=1 0 
* 110
cob=(2)
cfi=(51)
cfn=(826)
calls=1 0 
* 4
+6 8
cfi=(49)
cfn=(828)
calls=4 -57 
* 20
+5 4
-45 12
+49 3
cfi=(49)
cfn=(466)
calls=1 40 
* 21
* 2
-38 9
+3 2
+41 6
+6 2
+7 8
73 2

fl=(27) ./elf/./elf/dl-minimal-malloc.c
fn=(72) __minimal_calloc
78 8
+4 8
-4 32
+7 8
+1 24
fi=(28) ./elf/../include/rtld-malloc.h
-30 8
cfi=(27)
cfn=(76) __minimal_malloc
calls=8 -21 
* 235
fe=(27)

fn=(76)
35 120
+1 24
+11 24
-11 48
+11 48
+3 24
-3 24
+3 136
+18 24
+1 24
+2 96
-16 8
+1 4
+2 2
+1 14
cfi=(60) ./misc/../sysdeps/unix/sysv/linux/mmap64.c
cfn=(194) mmap
calls=2 -12 
* 18
* 2
+2 4
+2 4
+2 2
+4 2
-4 4
-23 1
-1 1
+1 1
+1 2
-2 2

fn=(144) __minimal_free
95 3
+2 12

fl=(12)
fn=(248) dfs_traversal.part.0
140 64
+10 8
-2 8
+2 16
+2 20
+3 20
-3 40
+9 16
+15 24
+1 8
+1 48
-17 12

fn=(246)
290 20
+8 2
-8 2
+8 4
+4 16
-79 4
-37 2
+37 2
-36 8
+1 2
-1 2
+1 2
-1 4
+1 6
-1 6
+1 6
-1 12
+36 30
+8 6
-3 2
+2 2
+1 2
-8 2
+5 2
+3 8
+2 18
+2 8
-90 40
cfn=(248)
calls=8 -5 
* 284
+93 16
+18 4
+13 2
+33 2
-26 8
cfi=(29) ./string/../sysdeps/x86_64/multiarch/memmove-vec-unaligned-erms.S
cfn=(80) memcpy
calls=2 -64 
* 22
* 2

fn=(22) _dl_sort_maps_init
281 2
+1 4
cfi=(10)
cfn=(24)
calls=1 405 
* 20
+2 3
-1 1
+2 2

fl=(22) ./string/../sysdeps/x86_64/multiarch/strlen-vec.S
fn=(60) strlen
41 16
+44 16
+1 16
+1 16
+1 16
+1 16
+1 16
+1 16
+2 16
+2 16
+31 16
+1 16
+1 16
+1 16
+1 16
+1 10
+2 10
+4 6
+1 6
+1 6
+1 6
+1 6
+1 6
+1 6
+1 6
+1 6
+1 6
+1 6
+1 6
+5 48

fl=(23) ./elf/../misc/sbrk.c
fn=(62) sbrk
37 5
+3 1
+18 2
+4 2
+16 5

fl=(26) ./elf/./elf/dl-object.c
fn=(82) _dl_add_to_namespace_list
31 6
+2 3
-2 6
+2 3
-2 6
+2 3
cfi=(24) ./elf/../sysdeps/nptl/dl-tls_init_tp.c
cfn=(84) rtld_mutex_dummy
calls=3 +9 
* 9
+2 23
+3 20
+2 2
+2 2
+4 2
+4 2
-4 4
+1 2
+4 2
-4 2
+1 2
+3 2
-3 2
+3 2
-1 2
cfi=(24)
cfn=(84)
calls=2 -8 
* 6
-4 1
+4 1
-4 2
+1 1
+4 1
-4 1
+1 1
+3 1
-3 1
+3 1
-1 1
cfi=(24)
cfn=(84)
calls=1 -8 
* 3
-5 2

fn=(70) _dl_new_object
59 42
+3 6
+18 2
+3 2
-3 2
+3 2
cfi=(22)
cfn=(60)
calls=2 -42 
* 52
+4 4
-4 4
+9 4
fi=(28)
-48 6
cfi=(27)
cfn=(72)
calls=2 +34 
* 100
fe=(26)
+48 1
fi=(28)
-48 3
cfi=(27)
cfn=(72)
calls=1 +34 
* 43
* 3
fe=(26)
+51 6
+5 3
-2 3
+6 3
-4 3
+4 3
-5 3
+4 3
+1 3
-1 3
+1 6
cfi=(29)
cfn=(80)
calls=3 212 
* 44
* 6
+2 3
+13 6
+6 1
+2 7
+3 2
-3 14
+3 4
+9 3
-7 3
+4 3
+3 15
+2 1
-2 3
+2 15
-2 45
+16 6
-5 3
+5 3
-6 3
+6 3
-6 3
+6 6
+2 4
+3 4
-3 4
+7 8
+4 4
+8 2
+3 2
+10 3
-10 4
+10 6
+2 2
+21 2
-21 2
cfi=(22)
cfn=(60)
calls=2 41 
* 70
* 6
+17 2
-13 6
+50 6
cfi=(29)
cfn=(128) mempcpy
calls=2 -46 
* 34
* 2
+5 4
+1 4
-1 80
+1 80
+2 4
+3 2
+3 2
+4 27
131 8
-12 4
+34 1
+7 4
+8 8
fi=(28)
56 4
cfi=(27)
cfn=(76)
calls=2 -21 
* 50
* 2
fe=(26)
200 8
64 2
+2 3
+1 2
+10 5
-6 2

fl=(47) ./elf/../elf/dl-tls.c
fn=(260) _dl_tls_static_surplus_init
97 2
+4 1
-4 2
+4 1
-4 2
+4 3
cfi=(10)
cfn=(24)
calls=1 405 
* 21
* 1
+1 4
cfi=(10)
cfn=(24)
calls=1 405 
* 21
* 1
+8 1
-8 1
+6 2
+2 3
+3 1
+2 1
-32 3
+34 3
+1 5

fn=(148) _dl_count_modids
197 1
+2 2
+1 1
+15 2

fn=(412) _dl_add_to_slotinfo
1015 8
+6 1
+3 1
+1 1
+4 3
+34 2
+3 3
+1 3
+3 6

fn=(264) _dl_allocate_tls_storage
422 2
+13 1
-13 2
+2 1
+12 1
fi=(28)
56 1
cfi=(27)
cfn=(76)
calls=1 -21 
* 53
fe=(47)
437 3
+8 2
fi=(28)
44 1
fe=(47)
445 2
+1 1
+4 321
+19 1
-99 1
+4 1
+1 1
fi=(28)
44 1
cfi=(27)
cfn=(72)
calls=1 +34 
* 36
fe=(47)
376 2
+3 1
+6 2
+90 5

fn=(414) _dl_allocate_tls_init
528 10
+1 2
+4 1
+6 1
-6 1
+6 1
cfi=(24)
cfn=(84)
calls=1 42 
* 3
+3 3
+12 1
-18 1
-1 1
+43 3
-19 13
+9 3
+1 2
+6 3
+1 1
+2 2
-2 1
+6 1
-4 2
+4 1
-4 2
+3 2
+4 2
+1 4
+2 2
+1 2
+17 1
-8 1
+8 1
+2 3
cfi=(29)
cfn=(128)
calls=1 199 
* 13
* 5
cfi=(44) ./string/../sysdeps/x86_64/multiarch/memset-vec-unaligned-erms.S
cfn=(132) memset
calls=1 125 
* 25
-49 1
+55 1
-55 4
+6 4
+55 2
cfi=(24)
cfn=(84)
calls=1 42 
* 3
+3 2
+3 9

fn=(238) _dl_assign_tls_modid
131 2
+3 1
+13 1
-13 1
+52 1
+2 1
+3 1
+1 2

fn=(262) _dl_determine_tlsoffset
221 8
+6 3
+3 2
+36 3
+2 1
-2 1
-2 1
-40 1
-1 1
-1 1
+46 2
+23 3
+3 1
-3 4
+2 2
-2 1
-25 1
+20 1
-20 5
+2 2
+3 1
-1 1
+5 2
-5 1
+1 1
-1 1
+3 2
+2 3
+32 3
-1 1
+1 4
+2 2
-2 2
+53 8

fl=(10)
fn=(54) __GI___tunable_set_val
157 15
-55 5
+55 5
-55 5
+55 5
-55 35
+9 5
+1 5
fi=(210) ./elf/./dl-tunable-types.h
-22 10
fe=(10)
+22 20
+1 40
fi=(11) ./elf/./elf/dl-tunables.h
+8 10
+1 5
fe=(10)
-6 15
fi=(11)
+15 5
fe=(10)
-12 10
+4 10
+7 10
+1 10
+3 30
+1 5
+1 5
+1 5
+24 5
fi=(11)
-30 15
fe=(10)

fn=(24)
405 33
+3 231
+9 33
-9 126
+9 10
+17 165
+2 33
-9 23
+1 23

fn=(18) __GI___tunables_init
282 9
-9 7
71 194
+6 63
-3 63
+3 6538
-3 63
-3 126
357 8
81 126
+5 189
fi=(11)
+54 63
fe=(10)
-54 63
fi=(11)
+54 63
+1 168
-1 147
+1 42
-1 63
+1 126
fe=(10)
323 252
-18 8820
+6 13860
fi=(11)
140 567
+1 1134
-1 27
+1 108
-1 135
fe=(10)

fl=(2)
fn=(258) init_tls
756 3
+2 1
+4 1
-4 1
+4 2
+11 1
fi=(28)
44 1
fe=(2)
768 1
+4 1
fi=(28)
44 1
cfi=(27)
cfn=(72)
calls=1 +34 
* 36
fe=(2)
783 1
-12 1
+6 1
-9 1
+11 1
+4 1
+2 3
-1 2
+3 8
+4 1
+2 1
-2 2
-5 1
-1 2
+10 3
+3 2
cfi=(47)
cfn=(260)
calls=1 97 
* 79
+3 1
cfi=(47)
cfn=(262)
calls=1 221 
* 76
+7 1
cfi=(47)
cfn=(264)
calls=1 422 
* 442
* 1
+1 2
+6 1
+3 2
-3 1
+3 6
+3 1
cfi=(24)
cfn=(266) __tls_init_tp
calls=1 68 
* 75
+1 1
+3 5
-39 3
-1 7

fn=(2)
527 10
85 1
fi=(6) ./elf/../sysdeps/x86_64/dl-machine.h
-40 1
fe=(2)
557 1
-4 1
85 2
556 1
85 1
fi=(3) ./elf/./get-dynamic-info.h
-40 1
fe=(2)
556 1
fi=(3)
45 2
+9 1
+5 1
+3 1
+2 1
+4 1
-7 1
-3 1
-3 14
+13 4
-23 16
+23 14
-23 56
+4 36
+5 20
+2 5
+3 4
fi=(4) ./elf/../sysdeps/generic/ldsodefs.h
+21 1
fi=(3)
-8 3
+10 4
+1 4
+1 4
+1 4
+2 4
+5 4
+1 4
+1 4
+3 3
+5 2
+7 3
+1 3
+8 2
+1 2
+5 3
+3 3
fe=(2)
573 1
fi=(6)
71 1
fe=(2)
573 42
fi=(6)
414 1
fi=(5) ./elf/./elf/do-rel.h
86 1
fe=(2)
573 2
fi=(5)
49 1
+37 1
-37 1
+37 1
+2 1
-2 1
+2 1
-2 1
+27 2
-27 1
fe=(2)
573 2
fi=(5)
49 1
+37 1
-37 1
+37 1
+2 1
-2 1
+2 1
-2 1
+27 3
+1 2
fi=(6)
534 2
fi=(5)
114 282
fi=(6)
534 282
+1 142
fi=(5)
113 142
fi=(6)
535 284
fi=(5)
113 284
+5 4
+8 7
fi=(6)
326 12
fi=(5)
126 21
+2 7
+2 7
-2 7
fi=(6)
287 7
fi=(5)
130 7
-2 7
+1 14
fi=(6)
287 14
+9 70
+3 14
+27 33
fe=(2)
573 6
fi=(5)
50 1
fi=(4)
+30 2
fi=(6)
326 2
+20 12
+1 6
fe=(2)
575 1
+13 1
cfi=(7) ./elf/./elf/dl-minimal.c
cfn=(12) __rtld_malloc_init_stubs
calls=1 42 
* 10
+4 2
85 1
488 2
85 3
488 1
cfi=(8) ./elf/./elf/dl-setup_hash.c
cfn=(14) _dl_setup_hash
calls=1 25 
* 29
+2 2
-1 1
+1 2
+17 1
-15 1
-2 1
+17 1
-15 1
+9 1
-11 1
+17 1
cfi=(9) ./elf/../elf/dl-sysdep.c
cfn=(16) _dl_sysdep_start
calls=1 85 
* 163008
* 1
+2 2
+98 9
fi=(3)
62 4
+2 4
fe=(2)
573 3

fn=(156) handle_preload_list
894 10
+5 1
-5 2
+5 2
+6 1
-64 1
+54 3
+7 3
cfi=(50) ./string/../sysdeps/x86_64/strcspn.S
cfn=(158) strcspn
calls=1 25 
* 233
* 1
+1 3
+9 1
191 1
914 2
191 2
916 2
-80 1
+5 5
-10 1
+8 1
-4 1
+1 1
+1 1
+4 1
cob=(2)
cfi=(51)
cfn=(160)
calls=1 0 
* 2784
+1 3
+8 3
+67 1
-18 2
+21 9
-15 4
cfi=(29)
cfn=(80)
calls=1 212 
* 19
+1 2

fn=(170) map_doit
663 2
+2 1
-2 1
+2 1
+1 2
-1 2
+1 3
cfi=(31) ./elf/./elf/dl-load.c
cfn=(172) _dl_map_object
calls=1 2022 
* 2683
* 1
+2 2

fn=(64) dl_main
1320 2
205 1
311 1
1320 2
2818 1
1320 3
2829 1
1320 2
2698 1
1320 2
311 1
1320 3
207 1
310 1
205 1
+99 3
1332 1
cfi=(24)
cfn=(66) __tls_pre_init_tp
calls=1 53 
* 17
2677 3
+6 5
-4 1
+4 1
+2 3
cfi=(25)
cfn=(68)
calls=1 28 
* 53
* 4
cfi=(25)
cfn=(68)
calls=2 28 
* 360
* 9
+4 6
-2 2
+2 6
+1 2
-1 6
+1 17
-1 89
+9 12
2845 4
+32 2
1348 1
+1 2
-1 2
+1 2
2774 3
+1 3
-56 2
+7 2
1627 9
cfi=(26)
cfn=(70)
calls=1 59 
* 230
* 1
+2 2
+1 1
+6 2
-6 1
+1 2
+1 3
+4 1
cfi=(26)
cfn=(82)
calls=1 31 
* 36
+1 2
1140 1
1326 1
1169 1
-29 1
+11 1
+18 2
-21 1
+21 1
-19 1
-4 1
+23 1
-21 1
+21 2
+57 1
-83 1
+23 1
+4 1
+19 1
+22 1
+15 5
-56 116
1275 4
+2 1
1169 18
fi=(30) ./elf/../sysdeps/x86/dl-prop.h
105 2
fe=(2)
1282 22
+6 4
cfi=(31)
cfn=(88) _dl_process_pt_gnu_property
calls=1 868 
* 20
-7 26
+1 13
+6 13
-6 26
fi=(30)
212 4
+1 2
95 8
+10 2
212 1
105 1
-2 1
-3 1
+2 1
+3 1
-4 2
+92 4
-1 1
-87 3
+3 3
+1 2
+1 2
+4 3
+4 3
+3 3
+1 2
+4 1
+1 4
+4 2
+1 1
+3 2
+3 1
+1 4
+5 2
+2 2
+5 2
+14 1
-1 2
+2 2
fe=(2)
1174 1
-5 1
+5 2
-5 2
+30 1
-9 1
+27 1
-27 1
+2 1
-3 1
+10 2
-20 2
-10 1
+10 1
+1 9
-11 2
+57 4
-1 4
+1 8
-1 4
+2 8
+1 1
+2 12
+1 14
+4 8
+1 8
+1 4
+1 10
+1 1
+4 1
-74 1
+74 2
-74 2
+74 3
-74 3
+74 6
-74 6
1271 1
1169 1
1271 1
1169 2
1294 1
+3 2
+2 1
-5 2
+3 2
+2 2
+2 2
1662 3
+2 1
-1 1
+1 2
+1 2
-2 1
+2 1
-2 2
cfi=(32)
cfn=(90)
calls=1 108 
* 34
* 2
+7 1
+3 1
-5 1
+3 1
+2 1
+1 2
+4 2
+2 2
fi=(3)
39 3
+6 1
-2 1
+2 2
+9 1
+5 1
+3 1
+2 1
-3 1
-3 1
-3 17
+13 5
-23 20
+23 21
-23 84
+4 52
+5 24
+2 5
+16 3
+25 3
+5 2
+7 2
+1 3
+22 3
+5 2
+2 2
+2 2
+2 2
+1 1
+3 3
+2 3
+1 2
+9 2
+6 2
+1 2
+3 2
fe=(2)
1688 3
+7 2
cfi=(8)
cfn=(14)
calls=1 25 
* 29
+3 2
fi=(33) ./elf/./setup-vdso.h
24 2
fi=(35) ./elf/../sysdeps/unix/sysv/linux/dl-vdso-setup.h
+21 1
fe=(2)
1723 1
cfi=(13) ./elf/../sysdeps/unix/sysv/linux/dl-sysdep.c
cfn=(100) _dl_discover_osversion
calls=1 46 
* 80
* 8
fi=(37) ./elf/./dl-main.h
109 5
cfi=(31)
cfn=(106) _dl_init_paths
calls=1 706 
* 2926
fe=(2)
1731 3
cfi=(46) ./elf/./elf/dl-debug.c
cfn=(146) _dl_debug_initialize
calls=1 56 
* 30
+7 1
-7 1
+2 1
+5 1
+4 1
+3 1
-3 3
+1 2
+3 1
+5 1
-7 1
+7 1
+1 3
+12 2
+1 2
+5 1
-3 2
+2 1
+1 2
+5 3
+1 5
-1 2
233 1
-1 1
+1 3
+1 2
-2 1
+2 2
1793 2
+5 1
-1 1
+1 1
+24 1
cfi=(47)
cfn=(148)
calls=1 197 
* 6
* 1
fi=(48) ./elf/../sysdeps/generic/dl-debug.h
29 3
+1 2
fe=(2)
1828 2
+1 1
cfi=(46)
cfn=(152) _dl_debug_state
calls=1 116 
* 2
+1 1
+4 3
cfi=(49)
cfn=(154)
calls=1 28 
* 16
+5 3
+2 1
+2 2
+9 2
+16 4
cfi=(65) ./io/../sysdeps/unix/sysv/linux/access.c
cfn=(208) access
calls=1 25 
* 9
* 2
+76 4
+16 3
85 1
1970 1
85 2
1970 2
85 1
1970 5
cfi=(66) ./elf/./elf/dl-deps.c
cfn=(210) _dl_map_object_deps
calls=1 159 
* 8498
92 1
1976 1
92 2
+9 2
1976 2
+1 5
-1 4
+1 6
-1 12
+4 4
+1 3
+1 1
+2 2
+1 4
-1 9
+1 9
+12 3
+1 2
+2 1
+2 3
+2 1
-4 1
+5 1
-1 2
+14 2
+1 2
+1 3
+11 2
+2 1
-2 1
+2 2
-2 1
+1 2
+1 1
-1 2
+1 1
cfi=(52)
cfn=(250) _dl_receive_error
calls=1 238 
* 4256
+10 2
+1 2
+3 2
862 1
fi=(211) ./elf/../sysdeps/unix/sysv/linux/dl-osinfo.h
64 2
fe=(2)
864 1
+6 1
+3 1
+7 1
-5 1
2052 3
2282 3
1778 2
+6 1
-6 2
+6 1
+2 3
fi=(30)
198 4
+2 1
+1 1
+2 1
-3 3
+3 1
fi=(3)
59 4
+3 4
+2 4
fi=(34) ./elf/../sysdeps/unix/sysv/linux/dl-vdso.h
-24 1
+1 2
fe=(2)
2331 1
1325 1
2342 1
-4 2
+10 1
-6 1
+6 1
+3 2
+8 1
fi=(30)
36 1
fe=(2)
2359 1
fi=(30)
37 3
+3 1
+13 6
-13 3
+9 6
-9 1
+9 20
+4 15
-16 12
+34 3
cfi=(77) ./elf/../sysdeps/x86/dl-cet.c
cfn=(270) _dl_cet_check
calls=1 252 
* 30
fe=(2)
2361 2
+54 3
+3 1
85 4
2422 1
+1 19
+2 8
+5 8
+2 8
+6 4
+2 12
+1 24
cfi=(78) ./elf/./elf/dl-reloc.c
cfn=(272) _dl_relocate_object
calls=3 194 
* 90221
+4 10
+1 2
-23 1
+23 1
cfi=(47)
cfn=(412)
calls=1 1015 
* 28
-23 6
92 3
+1 1
2454 1
93 1
2454 1
+5 4
+2 1
+7 3
cfi=(47)
cfn=(414)
calls=1 528 
* 146
+3 2
fi=(3)
72 2
+10 3
+1 4
+1 4
+1 4
+2 4
+5 4
+1 4
+1 5
fi=(35)
-64 3
+3 1
+3 1
+3 1
fi=(34)
+16 2
fe=(2)
2434 1
+1 1
-3 2
+49 3
+2 4
+10 1
cfi=(129) ./elf/./elf/dl-find_object.c
cfn=(416) _dl_find_object_init
calls=1 561 
* 571
+5 2
cfi=(7)
cfn=(424) __rtld_malloc_init_real
calls=1 76 
* 2372
+3 1
cfi=(133) ./elf/../sysdeps/nptl/dl-mutex.c
cfn=(432) __rtld_mutex_init
calls=1 30 
* 415
85 1
2507 1
+1 3
85 3
2508 2
cfi=(78)
cfn=(272)
calls=1 194 
* 4806
92 3
+9 2
2516 3
cfi=(135) ./elf/./elf/dl-call-libc-early-init.c
cfn=(438) _dl_call_libc_early_init
calls=1 27 
* 1309
+7 1
cfi=(9)
cfn=(464) _dl_sysdep_start_cleanup
calls=1 262 
* 2
+4 3
cfi=(49)
cfn=(466)
calls=1 40 
* 21
+5 2
cfi=(46)
cfn=(186) _dl_debug_update
calls=1 38 
* 7
+1 1
-1 1
+2 1
cfi=(46)
cfn=(152)
calls=1 116 
* 2
+1 1
+4 1
cfi=(68) ./elf/./elf/dl-cache.c
cfn=(468) _dl_unload_cache
calls=1 537 
* 18
+5 8
1741 4
1995 2
+50 2
cfn=(258)
calls=1 756 
* 784
* 2
2726 4
+2 2
+1 1
+46 2
+2 1
+1 1
-1 1
+1 1
+1 1
85 1
1847 1
85 2
1847 1
85 1
1847 2
cfn=(156)
calls=1 894 
* 3107
* 1
92 3
+9 3
1948 16
+1 1
-1 1
+4 3
+1 1
+1 2
+1 2
-7 2
fi=(30)
170 3
-39 2
fe=(2)

fn=(252) version_check_doit
696 3
+2 4
cfi=(75) ./elf/./elf/dl-version.c
cfn=(254) _dl_check_all_versions
calls=1 361 
* 4228
* 2
+4 2

fl=(15) ./elf/../sysdeps/x86/dl-get-cpu-features.c
fn=(436) __x86_cpu_features
71 1
-32 3
+32 2

fn=(32) _dl_x86_init_cpu_features
37 1
+2 3
+2 1
cfi=(16) ./elf/../sysdeps/x86/cpu-features.c
cfn=(34) init_cpu_features.constprop.0
calls=1 399 
* 7219

fl=(75)
fn=(254)
361 6
+4 5
-2 2
+4 24
cfn=(256) _dl_check_map_versions
calls=4 155 
* 4156
-2 4
+2 12
-1 4
-1 8
+5 7

fn=(256)
155 32
+15 4
-15 8
+15 8
+2 20
+2 4
+1 4
-1 4
+1 4
+2 8
+3 4
-16 2
-8 2
+28 2
-4 2
+4 4
+16 2
36 4
200 2
36 10
+1 5
-1 10
+2 21
cfi=(54) ./elf/./elf/dl-misc.c
cfn=(174) _dl_name_match_p
calls=7 +30 
* 958
* 14
208 6
+5 2
-71 4
+71 6
+8 2
-2 2
-2 4
+4 2
-4 12
+4 6
-2 6
-2 12
+4 6
-4 61
56 32
+8 24
+6 24
+16 8
+1 16
+2 8
+5 72
+14 196
+12 270
+4 90
-30 180
224 32
+3 24
+5 6
-11 6
110 8
+3 32
cfi=(32)
cfn=(90)
calls=8 -5 
* 294
* 34
236 8
+14 4
+3 8
+10 42
-7 168
+3 126
-3 8
+3 6
+8 6
+6 3
fi=(28)
44 3
fe=(75)
273 3
fi=(28)
44 3
cfi=(27)
cfn=(72)
calls=3 +34 
* 108
fe=(75)
272 3
fi=(28)
44 3
fe=(75)
274 6
+13 3
-3 3
+3 12
+2 9
+3 8
+4 6
+7 8
+1 8
-1 24
+1 8
+1 8
-2 8
+2 16
+1 24
+3 24
+5 6
-15 6
+2 6
-2 6
+2 6
-2 6
+2 12
-2 2
+2 2
-2 2
+2 2
-2 2
+2 4
+16 6
+39 36
-29 9
+3 8
+4 42
+6 42
+1 42
+1 42
-1 126
+1 42
-1 42
+1 42
+1 42
+3 126
+4 42
-14 88
+10 6
164 2
+86 2
-94 2
+94 3

fl=(43) ./string/../sysdeps/x86_64/memcmp.S
fn=(124) bcmp
22 1
+5 1
+1 1
+1 1
+1 1
+1 1
+1 1
+1 1
+1 1
+3 1
+1 1
+1 1
+1 1
+1 1
+1 1
+1 1
+1 1
+1 1
+2 1
+1 1
+17 1
+1 1
+17 1
+1 1
+1 1
+1 1
+1 1
+4 1
+47 1
+1 1
+1 1
+1 1
+1 1
+1 1
+1 1
+1 1
+1 1
+1 1
+1 1
+1 1
+1 1

fl=(53) ./setjmp/../sysdeps/x86_64/setjmp.S
fn=(168) __sigsetjmp
30 3
+2 3
+9 3
+1 6
+1 3
+4 3
+1 3
+1 3
+1 3
+1 3
+2 6
+2 3
+1 3
+1 3
+2 6
+2 3
+8 3
+3 3
+1 3
+7 3
+1 3

fl=(78)
fn=(272)
194 8
+14 4
-14 36
+16 4
-16 8
+14 4
+2 8
+3 4
-1 4
+1 8
+19 8
+6 20
-34 6
+38 6
+7 12
fi=(6)
71 10
+6 4
+4 3
+14 1
-8 1
+8 2
+20 2
+4 5
-2 2
fe=(78)
288 160
-83 1
fi=(6)
474 4
fe=(78)
205 2
+83 2
fi=(5)
49 1
fe=(78)
288 1
fi=(5)
60 1
-11 2
+11 2
fe=(78)
288 3
-83 3
fi=(6)
474 12
fe=(78)
205 6
+83 6
fi=(5)
49 3
fe=(78)
288 3
fi=(5)
60 3
-11 6
+11 6
fe=(78)
288 8
fi=(5)
49 4
fe=(78)
288 4
fi=(5)
60 4
-11 8
+11 8
-7 1
-1 1
+11 8
fi=(6)
545 28
+4 28
+3 42
+1 14
fi=(5)
63 42
+2 216
+2 120
-4 120
+13 6
+1 8
+1 80
fi=(6)
545 40
+34 80
+2 40
cob=(3)
cfi=(128) ./string/../sysdeps/x86_64/multiarch/rawmemchr.c
cfn=(408) rawmemchr
calls=1 31 
* 23
cob=(3)
cfi=(127) ./string/../sysdeps/x86_64/multiarch/strncase.c
cfn=(406) strncasecmp
calls=1 31 
* 7
cob=(3)
cfi=(126) ./string/../sysdeps/x86_64/multiarch/mempcpy.c
cfn=(402) mempcpy
calls=1 33 
* 22
cob=(3)
cfi=(125) ./string/../sysdeps/x86_64/multiarch/strspn.c
cfn=(400) strspn
calls=1 29 
* 7
cob=(3)
cfi=(123) ./string/../sysdeps/x86_64/multiarch/memchr.c
cfn=(396) memchr
calls=1 29 
* 23
cob=(3)
cfi=(122) ./string/../sysdeps/x86_64/multiarch/stpcpy.c
cfn=(392) stpcpy
calls=1 33 
* 17
cob=(3)
cfi=(120) ./wcsmbs/../sysdeps/x86_64/multiarch/wmemcmp.c
cfn=(388) wmemcmp
calls=1 29 
* 22
cob=(3)
cfi=(119) ./string/../sysdeps/x86_64/multiarch/strncpy.c
cfn=(384) strncpy
calls=1 29 
* 17
cob=(3)
cfi=(118) ./string/../sysdeps/x86_64/multiarch/strlen.c
cfn=(380) strlen
calls=1 29 
* 21
cob=(3)
cfi=(117) ./string/../sysdeps/x86_64/multiarch/strcasecmp_l.c
cfn=(378) strcasecmp_l
calls=1 31 
* 7
cob=(3)
cfi=(116) ./string/../sysdeps/x86_64/multiarch/strcpy.c
cfn=(374) strcpy
calls=1 29 
* 17
cob=(3)
cfi=(115) ./string/../sysdeps/x86_64/multiarch/strchrnul.c
cfn=(370) strchrnul
calls=1 31 
* 21
cob=(3)
cfi=(114) ./string/../sysdeps/x86_64/multiarch/memrchr.c
cfn=(366) memrchr
calls=1 29 
* 21
cob=(3)
cfi=(112) ./wcsmbs/../sysdeps/x86_64/multiarch/wmemset.c
cfn=(362) wmemset
calls=2 31 
* 38
cob=(3)
cfi=(110) ./string/../sysdeps/x86_64/multiarch/memcmp.c
cfn=(358) bcmp
calls=1 29 
* 22
cob=(3)
cfi=(109) ./string/../sysdeps/x86_64/multiarch/strncase_l.c
cfn=(356) strncasecmp_l
calls=1 31 
* 7
cob=(3)
cfi=(108) ./string/../sysdeps/x86_64/multiarch/strcat.c
cfn=(352) strcat
calls=1 29 
* 17
cob=(3)
cfi=(107) ./wcsmbs/../sysdeps/x86_64/multiarch/wcscpy.c
cfn=(350) wcscpy
calls=1 43 
* 7
cob=(3)
cfi=(106) ./string/../sysdeps/x86_64/multiarch/strcspn.c
cfn=(348) strcspn
calls=1 29 
* 7
cob=(3)
cfi=(105) ./string/../sysdeps/x86_64/multiarch/strcasecmp.c
cfn=(346) strcasecmp
calls=1 31 
* 7
cob=(3)
cfi=(104) ./string/../sysdeps/x86_64/multiarch/strncmp.c
cfn=(344) strncmp
calls=1 66 
* 17
cob=(3)
cfi=(102) ./wcsmbs/../sysdeps/x86_64/multiarch/wmemchr.c
cfn=(340) wmemchr
calls=2 31 
* 46
cob=(3)
cfi=(100) ./string/../sysdeps/x86_64/multiarch/stpncpy.c
cfn=(336) stpncpy
calls=1 31 
* 17
cob=(3)
cfi=(99) ./wcsmbs/../sysdeps/x86_64/multiarch/wcscmp.c
cfn=(332) wcscmp
calls=1 30 
* 21
cob=(3)
cfi=(98) ./string/../sysdeps/x86_64/multiarch/memmove.c
cfn=(328) memmove
calls=2 29 
* 44
cob=(3)
cfi=(97) ./string/../sysdeps/x86_64/multiarch/strrchr.c
cfn=(324) rindex
calls=1 28 
* 21
cob=(3)
cfi=(96) ./string/../sysdeps/x86_64/multiarch/strchr.c
cfn=(322) index
calls=1 61 
* 19
cob=(3)
cfi=(94) ./wcsmbs/../sysdeps/x86_64/multiarch/wcschr.c
cfn=(318) wcschr
calls=2 31 
* 42
cob=(3)
cfi=(92) ./string/../sysdeps/x86_64/multiarch/memcpy.c
cfn=(314) memcpy@@GLIBC_2.14
calls=1 29 
* 22
cob=(3)
cfi=(91) ./wcsmbs/../sysdeps/x86_64/multiarch/wcslen.c
cfn=(310) wcslen
calls=1 29 
* 19
cob=(3)
cfi=(89) ./string/../sysdeps/x86_64/multiarch/memset.c
cfn=(306) memset
calls=1 29 
* 24
cob=(3)
cfi=(87) ./wcsmbs/../sysdeps/x86_64/multiarch/wcsnlen.c
cfn=(302) wcsnlen
calls=1 29 
* 19
cob=(3)
cfi=(86) ./string/../sysdeps/x86_64/multiarch/strcmp.c
cfn=(300) strcmp
calls=1 65 
* 17
cob=(3)
cfi=(85) ./string/../sysdeps/x86_64/multiarch/strpbrk.c
cfn=(298) strpbrk
calls=1 29 
* 7
cob=(3)
cfi=(83) ./string/../sysdeps/x86_64/multiarch/strnlen.c
cfn=(294) strnlen
calls=2 31 
* 42
-36 40
+37 40
fi=(5)
77 121
fe=(78)
288 32
+3 24
+24 4
+3 8
+17 12
+2 32
-98 8
+3 2
+7 4
-9 2
fi=(5)
86 14
+2 14
+12 7
-14 28
+14 14
+10 10
+3 13
+1 3
fi=(6)
529 3
fi=(5)
114 3
fi=(6)
529 6
fi=(5)
114 1230
fi=(6)
529 1230
fi=(5)
114 1230
fi=(6)
529 2460
+5 2466
+1 1233
fi=(5)
113 1233
fi=(6)
535 1233
-5 1233
fi=(5)
113 2466
+7 28
+4 20
+2 10
-73 3
fi=(6)
484 3
fi=(5)
52 3
fi=(6)
484 6
fi=(5)
128 6
+1 3
+1 3
-2 3
+2 3
+3 3
-5 3
+2 3
-2 3
+1 6
+2 3
-2 3
+2 9
+2 6
-5 248
+1 124
+1 124
-2 124
+2 124
+3 124
-5 124
+2 124
-2 124
+1 248
+2 124
-2 124
+2 372
+2 248
+9 125
fi=(6)
262 250
+21 250
+4 250
+7 500
fi=(4)
138 327
fi=(6)
294 4230
cfi=(79) ./elf/./elf/dl-lookup.c
cfn=(280) _dl_lookup_symbol_x
calls=106 840 
* 59383
* 954
+2 327
+30 746
450 318
fi=(5)
145 352
-19 381
+32 15
+1 6
fi=(6)
294 2
+22 2
-22 4
fi=(5)
160 6
+3 2
+4 2
-4 2
+4 4
-2 2
-2 2
+2 2
+1 2
-1 4
fi=(6)
294 8
508 2
-1 4
+1 4
+1 2
cfi=(15)
cfn=(436)
calls=1 71 
* 6
cob=(3)
cfi=(81) ./string/../sysdeps/x86/cacheinfo.c
cfn=(290) __x86_cacheinfo
calls=1 86 
* 28
+1 2
fi=(5)
159 2
fi=(6)
510 2
fi=(5)
159 8
-14 6
+1 90
fi=(6)
490 6
+5 4
-1 6
+1 4
-1 2
cfi=(29)
cfn=(80)
calls=2 212 
* 22
+2 8
+1 2
-75 51
+4 68
+5 17
+9 17
-9 34
+9 17
fi=(5)
145 66
fi=(6)
296 170
+3 122
-3 122
+3 244
+2 10
+3 4
+1 6
+11 4
+7 2
cob=(3)
cfi=(86)
cfn=(300)
calls=1 65 
* 17
cob=(3)
cfi=(118)
cfn=(380)
calls=1 29 
* 21
* 6
+3 4
fi=(5)
135 10
+3 2
fi=(6)
296 106
+3 106
-3 228
+3 4
fi=(5)
50 8
fe=(78)
308 14
fi=(6)
-14 29
fe=(78)
+49 20
+3 4
-3 4
+3 4
+4 8
+1 16
cfi=(72) ./misc/../sysdeps/unix/syscall-template.S
cfn=(236) mprotect
calls=4 117 
* 24
* 8
-63 6
fi=(5)
53 2
175 7
+2 2
+1 2
-1 1
+3 1
-3 4
+3 2
-3 10
+1 10
-1 5
+3 5
-3 20
+3 10
+8 6
fi=(6)
+74 12
+21 12
+4 12
+7 24
fi=(4)
138 18
fi=(6)
294 204
cfi=(79)
cfn=(280)
calls=6 840 
* 3251
* 54
+2 18
+30 36
450 12
fi=(5)
191 18
-16 18
+30 4
fi=(6)
+91 2
+3 2
-3 2
+3 4
-3 2
+3 2
-3 4
fe=(78)

fl=(41) ./elf/./elf/dl-hwcaps_split.c
fn=(120) _dl_hwcaps_contains
66 6
+1 12
+1 6
+9 6

fn=(116) _dl_hwcaps_split_masked
51 55
-25 42
+4 24
+4 48
+1 12
-1 24
+2 24
+5 27
cfi=(42) ./string/../sysdeps/x86_64/multiarch/../strchr.S
cfn=(118) index
calls=9 -18 
* 216
+1 18
+3 6
+11 12
+1 12
+1 6
-1 6
+1 6
-2 6
+1 6
+1 3
-1 3
+1 27
cfn=(120)
calls=6 +8 
* 30
* 12
-3 5
+7 44
-19 6
cfi=(22)
cfn=(60)
calls=3 -2 
* 51
* 3

fn=(122) _dl_hwcaps_split
25 4
+1 3
+21 1
-20 1
+20 3

fl=(55) ./io/../sysdeps/unix/sysv/linux/open64_nocancel.c
fn=(178) __open_nocancel
28 13
+3 13
-3 39
+3 78
+8 91
+2 3
-2 30
+2 10

fl=(71) ./io/../sysdeps/unix/sysv/linux/pread64_nocancel.c
fn=(232) __pread64_nocancel
25 8
+1 16
+1 4

fl=(29)
fn=(80)
212 18
+1 18
+6 18
+1 18
+2 10
+1 10
+1 10
+2 7
+1 7
+1 7
+2 7
360 8
+1 8
+2 1
+4 1
+1 1
+1 1
+1 1
+1 1
+4 1
+2 1
+39 7
+1 7
+1 7
+1 7
+1 7
+7 3
+1 3
+1 3
+1 3
+1 3
+1 3
+1 3
+11 3
+1 3
+2 3
+1 3
+1 3

fn=(128)
199 32
+1 32
+1 32
+1 32
+17 32
+1 32
+2 6
+1 6
+1 6
+2 5
+1 5
+1 5
+2 5
360 26
+1 26
+2 8
+4 8
+1 3
+1 3
+1 2
+1 2
+1 2
+1 2
+2 2
+2 3
+6 5
+1 5
+1 5
+1 5
+1 5
+29 18
+1 18
+1 18
+1 18
+1 18
+7 1
+1 1
+1 1
+1 1
+1 1
+1 1
+1 1
+11 1
+1 1
+2 1
+1 1
+1 1

fl=(39) ./elf/../sysdeps/x86_64/dl-hwcaps-subdirs.c
fn=(110) _dl_hwcaps_subdirs_active
29 1
fi=(18) ./elf/../sysdeps/x86/get-isa-level.h
+2 1
fe=(39)
+7 1
fi=(18)
-7 2
-1 2
fe=(39)
+22 1
fi=(18)
-20 3
+4 1
fe=(39)
+2 1
fi=(18)
-2 2
+3 4
+1 4
+5 1
fe=(39)
-7 1
fi=(18)
+7 3
fe=(39)
-2 1
fi=(18)
+5 2
+1 3
+2 4
+1 2
+1 2
+6 1
fe=(39)
-11 1
fi=(18)
+11 1
-3 2
fe=(39)

fl=(59) ./io/../sysdeps/unix/sysv/linux/fstatat64.c
fn=(192) fstatat
153 26
-55 26
+70 30
+1 4
-2 18
+1 18

fl=(7)
fn=(136) strsep
239 2
+3 4
+2 2
+1 4
+4 33
+7 84
-2 56
+13 1
+4 4
-22 14
+15 14
-15 30

fn=(424)
76 2
+10 1
fi=(131) ./elf/../sysdeps/generic/dl-hash.h
-41 1
fe=(7)
+31 1
fi=(131)
-32 1
fe=(7)
+32 5
+11 1
-1 1
fi=(131)
-43 1
+5 3
+14 4
-17 3
+3 15
+14 20
-17 15
fe=(7)
+46 2
fi=(131)
-24 1
fe=(7)
+22 1
+2 2
fi=(131)
-19 1
fe=(7)
+19 1
cfn=(428) lookup_malloc_symbol
calls=1 -30 
* 575
+1 3
-1 1
+1 1
cfn=(428)
calls=1 -31 
* 575
+1 3
-1 1
+1 1
cfn=(428)
calls=1 -32 
* 561
+1 3
-1 1
+1 1
cfn=(428)
calls=1 -33 
* 553
+5 1
+1 1
+1 1
+1 1
+1 7

fn=(12)
42 1
+1 2
+1 2
+1 2
+1 2
+1 1

fn=(428)
61 8
+3 4
-3 16
+3 4
-3 4
+3 8
-1 4
+1 12
cfi=(79)
cfn=(280)
calls=4 840 
* 2104
+4 28
+1 28
+2 4
fi=(132) ./elf/./dl-sym-post.h
-30 8
+12 12
fe=(7)
+19 20

fl=(50)
fn=(158)
25 1
+2 1
+7 1
+1 1
+2 1
+1 1
+1 1
+1 1
+1 33
+3 3
+7 1
+1 1
+1 1
+1 1
+2 1
+1 1
+1 1
+1 1
+2 1
+1 1
+1 1
+9 3
+12 1
+2 1
+1 1
+1 1
-4 12
+2 12
+1 12
+1 12
+2 13
+1 13
+1 13
+2 13
+1 13
+1 13
+2 13
+1 13
+1 13
+2 1
+1 1
+1 1
+2 1
+7 1
+4 1

fl=(46)
fn=(152)
116 2
+1 2

fn=(146)
56 1
+3 2
+4 1
-6 1
+4 1
+2 2
+22 2
+5 2
+1 1
+1 1
-1 1
-1 1
+5 2
+4 2
+8 2
-43 2
+32 6

fn=(186)
38 3
+3 3
-1 6
+4 6
+4 3

fl=(66)
fn=(214) openaux
61 6
+7 2
-4 4
+1 2
-1 16
cfi=(31)
cfn=(172)
calls=2 2022 
* 6835
* 2
+5 4

fn=(210)
159 5
+1 3
-1 1
+1 1
-1 2
+1 1
-1 3
+1 1
-1 4
+1 12
-8 1
-7 1
+15 1
-14 1
+6 1
+8 1
-15 1
+7 1
-8 1
+1 1
+7 1
-7 1
+31 3
-28 3
-2 1
+31 1
-33 2
+2 2
+30 2
-30 1
-1 4
+7 4
+24 2
-32 1
+60 1
-60 2
+36 1
fi=(74) ./elf/../include/scratch_buffer.h
77 3
fe=(66)
198 1
fi=(74)
78 1
fe=(66)
200 2
+98 1
198 1
+4 1
+7 1
+4 4
-4 3
+4 12
+11 12
-18 2
+18 4
433 12
+2 2
+3 2
-3 4
+3 2
fi=(28)
56 2
cfi=(27)
cfn=(76)
calls=2 -21 
* 50
* 2
fe=(66)
439 4
+6 2
+1 10
cfi=(29)
cfn=(80)
calls=2 212 
* 22
+1 10
cfi=(29)
cfn=(80)
calls=2 212 
* 22
+4 2
-1 2
+5 16
204 9
458 9
-1 4
+1 8
199 3
+27 10
+5 2
+6 2
-5 2
-1 2
+2 4
+4 8
-31 2
+31 2
+1 6
+6 8
cfi=(31)
cfn=(212) _dl_dst_count
calls=2 -6 
* 108
* 6
+4 4
-2 2
+2 4
cob=(2)
cfi=(51)
cfn=(164)
calls=2 0 
* 6993
+1 4
+9 2
+2 4
+5 10
+6 2
+2 2
-8 4
+3 2
+1 2
+1 2
+1 2
+4 10
+4 6
+1 3
-43 200
+1 96
+44 144
-38 4
fi=(74)
85 3
fe=(66)
464 6
+1 1
+3 4
+11 3
fi=(28)
56 1
cfi=(27)
cfn=(76)
calls=1 -21 
* 25
* 1
fe=(66)
481 2
+5 3
+1 1
-1 2
+4 2
-2 1
+2 1
-2 2
+13 3
+5 3
-16 9
-2 3
+6 3
+7 3
-2 6
-5 1
+7 1
-2 2
+2 2
+5 1
-16 6
+19 2
+52 3
+37 3
+15 1
-11 1
+11 1
-14 2
+20 1
-1 3
+1 3
-1 5
cfi=(12)
cfn=(246)
calls=1 290 
* 260
+5 1
+3 1
-1 1
+2 2
+7 3
+3 3
+3 8
214 25
+3 2
fi=(74)
-86 6
cfi=(73) ./malloc/./malloc/scratch_buffer_set_array_size.c
cfn=(240) __libc_scratch_buffer_set_array_size
calls=2 30 
* 40
fe=(66)
+86 4
+4 6
613 2
cfi=(29)
cfn=(80)
calls=1 212 
* 11
* 1
-53 2
160 2
380 6

fl=(31)
fn=(134) fillin_rpath.isra.0
468 7
+4 1
-4 8
+6 3
cfi=(7)
cfn=(136)
calls=1 239 
* 240
* 3
cfi=(7)
cfn=(136)
calls=1 239 
* 8
* 6
+7 2
+2 3
cfn=(138) expand_dynamic_string_token
calls=1 -98 
* 118
* 1
+4 2
+5 2
cfi=(22)
cfn=(60)
calls=1 41 
* 17
* 1
+1 2
+7 5
+9 15
+1 8
+55 2
fi=(28)
50 2
cfi=(27)
cfn=(144)
calls=1 +45 
* 5
+1 1
fe=(31)
528 2
+4 3
fi=(28)
56 1
cfi=(27)
cfn=(76)
calls=1 -21 
* 25
* 1
fe=(31)
534 2
+5 1
+1 2
-1 1
-1 1
+2 1
cfi=(29)
cfn=(128)
calls=1 199 
* 13
+3 1
-3 1
+1 1
+2 1
+6 1
+1 1
-1 3
+1 11
+1 1
-1 1
+1 2
-1 2
+1 1
-1 1
+1 2
-1 6
+1 1
-1 1
+1 1
-1 3
+1 1
-1 2
+3 1
+1 1
-1 1
+1 2
+1 1
+6 2
+1 2
-57 4
+66 1
+3 8
-46 4

fn=(172)
2022 30
+8 6
+1 12
+3 42
+5 49
+2 21
cfi=(54)
cfn=(174)
calls=7 68 
* 935
* 14
+4 12
+1 18
+4 2
-1 10
+1 2
+1 2
-1 2
+1 2
cfi=(32)
cfn=(90)
calls=2 108 
* 86
* 4
2329 27
2068 2
+1 2
-1 2
+1 2
-1 2
+1 2
-1 4
-44 2
+53 6
+17 4
-2 2
+2 2
cfi=(42)
cfn=(118)
calls=2 23 
* 48
* 4
2260 2
-1 3
cfn=(138)
calls=1 385 
* 168
+2 1
-3 1
+1 1
+2 2
+4 5
cfn=(176) open_verify.constprop.1
calls=1 1568 
* 283
+3 2
-3 1
+3 1
+12 4
+46 1
+1 3
-1 1
+1 9
cfn=(184) _dl_map_object_from_fd
calls=1 944 
* 1819
-1 1
+1 3
-1 1
+1 9
cfn=(184)
calls=1 944 
* 2221
* 6
2098 2
cfi=(22)
cfn=(60)
calls=1 41 
* 17
* 2
+2 2
+7 4
+51 11
cfn=(216) open_path
calls=1 1870 
* 1656
+6 1
-6 1
+6 4
682 1
2165 1
682 2
2252 2
+28 4
+2 4
2111 1
696 3
2111 1
+1 1
696 2
2116 3
682 1
2117 1
682 2
2173 1
+14 2
+2 3
+4 2
cfi=(68)
cfn=(222) _dl_load_cache_lookup
calls=1 416 
* 1431
* 1
+2 2
+4 2
+8 3
+23 6
cfn=(218) open_verify.constprop.0
calls=1 1568 
* 396
+4 2
-4 1
+4 1
+1 2
2131 5
+1 10
682 1
2133 1
682 2
2157 3
+1 2
-16 2

fn=(176)
1568 11
+39 3
+19 4
cfi=(55)
cfn=(178)
calls=1 28 
* 19
* 1
+2 2
+11 1
+6 2
-5 1
+5 8
cfi=(56) ./io/../sysdeps/unix/sysv/linux/read_nocancel.c
cfn=(180) __read_nocancel
calls=1 25 
* 6
+2 2
+2 2
+2 2
+6 2
+17 11
fi=(28)
50 2
cfi=(27)
cfn=(144)
calls=1 +45 
* 5
fe=(31)
1856 9
1674 3
+74 2
+5 2
+2 4
+6 2
+6 1
+1 1
-1 3
+1 1
-1 1
+1 2
+1 2
+20 3
+31 1
-31 1
1633 1
1820 2
-31 66
+1 28
+1 8
+4 8
+25 12
+3 18
+3 2
-4 2
+4 4
+6 4
-36 6

fn=(184)
944 20
+10 2
-10 8
+10 2
cfi=(46)
cfn=(186)
calls=2 38 
* 14
* 2
+7 8
+85 8
+10 4
+7 14
cfi=(26)
cfn=(70)
calls=2 59 
* 766
* 2
+1 4
+11 4
+5 2
-5 2
+1 4
+1 2
+2 2
-2 2
+2 4
+1 6
+1 2
+19 2
-2 1
+2 12
-2 1
+2 30
+10 8
+85 2
-58 2
-34 2
-1 2
+93 2
+6 2
-64 4
+9 2
+55 4
-55 2
-42 2
+97 4
1101 2
-5 4
+15 60
+20 2
+1 1
-22 69
+1 127
1213 4
1110 2
1213 4
1110 6
1218 6
+10 4
+1 2
-1 2
+1 2
-1 6
+1 6
-1 6
+1 6
-1 18
1076 4
1235 4
+10 8
+7 4
fi=(61) ./elf/./dl-map-segments.h
96 2
fe=(31)
1252 6
fi=(61)
28 2
fe=(31)
1252 2
fi=(61)
96 2
fe=(31)
1252 2
fi=(61)
28 4
+1 16
cfi=(60)
cfn=(194)
calls=2 +18 
* 18
+74 4
-1 2
-73 2
+74 2
+3 4
+1 2
+2 2
-3 2
+1 2
+2 2
+7 8
+3 4
cfi=(72)
cfn=(236)
calls=1 -2 
* 6
* 3
+7 2
+2 2
fi=(62) ./elf/./dl-load.h
-37 16
+1 6
+2 16
fi=(61)
+56 32
+8 2
-2 2
+1 2
+2 2
-1 2
+1 2
-1 6
+8 4
+3 4
+8 14
cfi=(44)
cfn=(132)
calls=2 -52 
* 237
+1 4
+5 4
+12 8
-59 40
+2 12
+3 6
-3 12
+2 48
cfi=(60)
cfn=(194)
calls=6 -93 
* 54
* 18
fi=(57) ./elf/../sysdeps/posix/dl-fileid.h
37 6
cfi=(58) ./io/../sysdeps/unix/sysv/linux/fstat64.c
cfn=(190) fstat
calls=2 -8 
* 30
* 4
fe=(31)
999 4
fi=(57)
40 6
fe=(31)
999 2
fi=(57)
40 2
fe=(31)
999 23
+1 10
fi=(57)
49 12
fe=(31)
1515 18
1018 4
+66 13
+1 2
-1 1
+1 1
-1 1
+1 1
cfi=(71)
cfn=(232)
calls=1 25 
* 7
* 2
+26 26
+26 48
+10 8
-1 8
-1 8
+2 8
+2 8
-2 8
-1 48
+2 16
+1 8
+2 8
-3 8
+3 48
+2 16
+4 16
+1 30
+4 6
+1 6
-1 6
+1 42
-18 6
+28 6
-11 2
+1 2
-1 2
+1 14
-18 2
+28 2
-56 4
+7 2
+2 2
-2 2
+1 2
+1 2
-1 4
+1 16
+50 3
+5 1
-1 2
+5 1
-5 2
-56 1
+61 4
+1 1
+3 1
-3 1
+8 4
+15 4
+1 2
+58 8
+1 6
fi=(63) ./elf/./elf/get-dynamic-info.h
39 4
+6 2
-2 2
+2 4
+9 2
+5 2
+3 2
+2 2
-3 2
-3 2
-3 28
+13 8
-23 32
+23 29
-23 116
+4 74
+5 40
+2 10
+3 8
+13 8
+10 7
+1 8
+1 8
+1 8
+2 8
+5 7
+1 7
+1 8
+3 6
+5 2
+7 4
+1 6
+22 6
+5 2
+2 2
+2 2
+2 2
+4 6
+2 3
+1 2
+9 2
+6 2
+4 4
fe=(31)
1275 4
+1 4
+2 4
+10 6
+19 6
+2 10
+52 6
+1 2
+6 16
+1 42
+6 8
cfn=(88)
calls=2 868 
* 40
-7 54
+1 25
+6 25
-6 50
fi=(30)
95 16
213 2
-1 4
105 4
212 2
105 2
-2 2
-3 2
+2 2
+3 2
-4 4
+92 8
-1 2
-87 6
+3 6
+1 4
+1 4
+4 6
+4 6
+3 6
+1 4
+4 2
+1 8
+58 6
+2 8
-56 6
+1 3
+3 6
+3 3
+1 12
+5 6
+2 6
+5 6
+14 3
-1 6
+2 2
-1 4
fe=(31)
1380 4
cfi=(64)
cfn=(204)
calls=2 25 
* 12
* 4
+13 4
+2 8
+2 4
+16 4
cfi=(8)
cfn=(14)
calls=2 25 
* 58
+4 4
+1 4
+17 4
+1 1
+3 1
+5 1
-5 1
+5 1
-5 1
+5 1
-5 1
+5 1
+10 4
+7 12
+10 4
+1 4
+5 2
cfi=(47)
cfn=(238)
calls=1 131 
* 10
+7 6
cfi=(26)
cfn=(82)
calls=2 31 
* 94
+3 8
+23 14
+1 6
cfi=(49)
cfn=(206)
calls=2 76 
* 10
* 2
fi=(62)
95 5
+2 1
-1 2
+1 1
-1 1
+1 1
-1 1
+1 1
-1 2
+3 4
fe=(31)
1506 10
fi=(30)
198 8
+2 2
+1 2
+2 2
-3 6
fe=(31)
1368 6
fi=(63)
62 8
+2 8
fe=(31)
1084 2
fi=(61)
187 8
cfi=(60)
cfn=(194)
calls=1 47 
* 9
+3 2
fe=(31)
1462 6
+2 1
-1 5
+1 1
-1 1
+1 1
-1 1
cfi=(32)
cfn=(90)
calls=1 108 
* 25
* 2
+2 5
1275 2
fi=(57)
49 3
fi=(30)
170 3
-39 2
fe=(31)

fn=(88)
868 3
+8 3
-8 3
+8 3
-6 3
+12 6
-13 3
+13 3
-13 3
+13 6
+3 9
+1 6
+1 6
+43 3

fn=(106)
706 11
+14 1
-14 2
+14 2
cfi=(38) ./elf/./elf/dl-hwcaps.c
cfn=(108) _dl_important_hwcaps
calls=1 175 
* 1847
fi=(28)
56 1
fe=(31)
720 1
fi=(28)
56 1
cfi=(27)
cfn=(76)
calls=1 -21 
* 25
fe=(31)
725 1
+2 2
+7 2
+1 2
-1 3
+5 3
fi=(28)
56 1
cfi=(27)
cfn=(76)
calls=1 -21 
* 25
fe=(31)
739 1
+2 4
+17 1
-10 1
+19 1
-11 1
-9 1
+9 1
+12 2
-10 1
+3 2
+9 1
-7 1
+4 1
+3 2
-3 1
-8 1
+3 1
+8 1
-3 1
+1 16
cfi=(44)
cfn=(132)
calls=4 125 
* 72
+2 18
-14 3
+10 3
+4 3
-12 3
-2 3
+2 3
+4 3
-3 3
+3 3
+1 3
-2 3
+5 6
+1 3
-4 3
+4 3
+15 1
+3 1
-15 1
+7 1
-1 1
+9 2
+2 4
+2 3
+36 5
+2 2
cfi=(22)
cfn=(60)
calls=1 41 
* 17
* 9
-19 1
-2 1
+2 2
+19 9
cfi=(29)
cfn=(80)
calls=1 212 
* 11
* 1
+5 4
-1 2
+2 1
+1 2
-2 4
+1 13
+1 26
-2 52
+5 1
fi=(28)
56 1
cfi=(27)
cfn=(76)
calls=1 -21 
* 25
fe=(31)
836 1
fi=(28)
56 1
fe=(31)
838 2
+6 6
cfn=(134)
calls=1 468 
* 587
+3 3
+6 1
+4 8
-35 2
+5 2

fn=(216)
1870 8
+1 1
-1 6
+1 1
+6 2
+5 16
-7 2
+7 1
-8 1
+8 2
+3 2
+9 6
+7 3
+1 1
-1 1
cfi=(29)
cfn=(128)
calls=1 199 
* 13
-12 1
+12 1
+59 5
-58 4
+3 20
+5 80
cfi=(29)
cfn=(128)
calls=10 199 
* 134
* 40
cfi=(29)
cfn=(128)
calls=10 199 
* 130
+3 20
+6 30
+3 60
cfn=(218)
calls=10 1568 
* 540
* 10
+2 30
+2 20
+65 8
+7 2
-2 2
+2 2
+3 3
-13 1
+27 9
1902 58
+29 20
+1 70
+6 20
+2 10
-2 10
+2 20
cfi=(67) ./io/../sysdeps/unix/sysv/linux/stat64.c
cfn=(220) stat
calls=10 28 
* 158
* 10
+3 10
-3 20
+1 1
+2 2
-2 1
+2 26
-61 2

fn=(218)
1568 121
+39 33
+19 44
cfi=(55)
cfn=(178)
calls=11 28 
* 239
* 11
+2 22
+11 1
+6 2
-5 1
+5 8
cfi=(56)
cfn=(180)
calls=1 25 
* 6
+2 2
+2 2
+2 2
+6 2
+17 11
fi=(28)
50 2
cfi=(27)
cfn=(144)
calls=1 +45 
* 5
fe=(31)
1856 99
1674 3
+74 2
+5 2
+2 4
+6 2
+6 1
+1 1
-1 3
+1 1
-1 1
+1 2
+21 3
+31 1
-31 1
1633 1
1820 2
-31 48
+1 24
+1 8
+4 8
+6 4
+1 28
+10 12
cfi=(71)
cfn=(232)
calls=2 25 
* 14
* 16
+8 18
+15 2
+6 1
-3 1
+1 1
+1 1
+1 2
-3 1
+1 1
+1 1
+2 1
-3 3
-1 1
+4 2
-19 18
+3 2
-4 2
+4 4
+5 1
+1 4
-60 13
+1 3
-1 1
+1 3
cfi=(71)
cfn=(232)
calls=1 25 
* 7
* 3
+16 5
1612 20
+62 3
1802 4
-30 2

fn=(212)
238 4
+3 2
-3 4
+7 2
-7 4
+3 2
cfi=(42)
cfn=(118)
calls=2 23 
* 72
+3 4
+20 14

fn=(138)
385 14
241 2
385 2
241 2
385 2
241 2
cfi=(42)
cfn=(118)
calls=2 23 
* 72
+3 4
410 2
-11 2
+11 12
-11 2
cfi=(45) ./string/./string/strdup.c
cfn=(140) strdup
calls=2 40 
* 168

fl=(36) ./posix/../sysdeps/unix/syscall-template.S
fn=(102) uname
120 5
+2 1

fl=(9)
fn=(16)
85 4
+25 1
-25 6
+25 1
-1 1
+1 198
+11 1
-8 1
+1 1
-4 1
+3 1
+6 1
+2 13
-34 1
-1 1
+36 119
+3 1
+1 1
-5 94
+57 1
-57 1
+58 1
-1 1
-57 3
+29 1
-29 1
+30 1
-1 1
-29 3
+41 1
-41 1
+42 1
-1 1
-41 3
+35 1
-35 1
+36 1
-1 1
-35 3
+32 1
-32 1
+33 1
-1 1
-32 3
+13 1
-13 1
+14 1
-1 1
-13 3
+10 1
-10 1
+11 1
-1 1
-10 3
+7 1
-7 4
224 1
cfi=(10)
cfn=(18)
calls=1 +58 
* 33024
+3 1
cfi=(12)
cfn=(22)
calls=1 +54 
* 32
fi=(13)
36 2
cfi=(14) ./elf/../sysdeps/unix/sysv/linux/brk.c
cfn=(28) brk
calls=1 -1 
* 8
fi=(6)
215 1
cfi=(15)
cfn=(32)
calls=1 37 
* 7224
fe=(9)
+23 3
+1 1
cfi=(22)
cfn=(60)
calls=1 41 
* 17
* 1
+2 2
cfi=(23)
cfn=(62)
calls=1 37 
* 15
* 3
+12 3
+3 5
cfi=(2)
cfn=(64)
calls=1 1320 
* 122155
+2 9

fn=(464)
262 1
+1 1

fl=(44)
fn=(132)
125 7
+1 35
+6 7
+1 7
+1 7
+1 7
+2 1
+1 1
+1 1
+65 4
+1 4
+2 4
+76 6
+1 6
+5 6
+3 6
+1 6
+3 2
+1 2
+13 2
+1 2
+2 2
+3 1
+3 2
+3 1
+1 1
+1 1
+1 1
+1 1
+1 1
+1 1
-6 27
+1 27
+1 27
+1 27
+1 27
+1 27
+1 27
+3 2
+1 2
+1 2
+1 2
+5 2

fl=(32)
fn=(90)
108 210
+33 210
+1 210
+2 210
+1 210
+21 210
+1 210
+1 184
+1 184
+1 151
+1 151
+1 151
+1 151
+21 151
+1 151
+1 151
+1 151
+1 151
+1 151
+1 151
+5 5
+1 15
+9 5
+1 5
+1 5
+1 5
+1 5
+1 5
+1 5
+1 5
-7 59
+1 59
+1 59
+1 59
+1 59
+1 59
+1 59
+1 59
+1 59
+1 29
+1 29
+1 29
+2 29
+1 29
+1 29
+1 29
+1 29
+1 29
-5 30
+1 30
+1 30
+1 30
+1 30
+1 30
+10 5
+1 5
+1 5
+2 5
+6 5
+1 5
+1 5
+1 5
+1 5
+5 5
+2 4
+1 4
+1 8
+8 4
+1 4
+3 4
+1 4
+1 4
+1 4
+1 4
+1 4
693 1
+1 1
+1 1
+1 1
+1 1
+2 1
+1 1
+1 1
+1 1
+1 1
+1 1
+1 1
818 5
+1 5
+1 5
+1 5
+1 5
+2 5
+1 5
+1 5
+1 5
+1 5
+1 5
+1 5
+1 5
+4 5
+1 5
+1 5
+6 5
+1 5
+1 10
+4 5
+1 5
+3 5
+1 5
+1 5
+3 5
+1 5
+1 5
+6 5
+1 5
+1 5
+1 5
+1 5
+1 5
+72 1
+1 1
+1 1
+1 1
+1 1
+2 1
+1 1
+1 1
+1 1
+1 1
+1 1
+1 1
+1 1
+4 1
+1 1
+1 1
+6 1
+1 1
+1 2
+4 1
+1 1
+3 1
+1 1
+1 1
+3 1
+1 1
+1 1
+6 1
+1 1
+1 1
+1 1
+1 1
+1 1
+72 6
+1 6
+1 6
+1 6
+1 6
+2 6
+1 6
+1 6
+1 6
+1 6
+1 6
+1 6
+1 2
+4 2
+1 2
+1 2
+6 2
+1 2
+1 4
+4 2
+1 2
+3 2
+1 2
+1 2
+3 2
+1 2
+1 2
+6 2
+1 2
+1 2
+1 2
+1 2
+1 2
+7 1
+1 1
+2 1
+1 1
+2 1
+1 1
+1 1
+3 1
+1 1
+1 1
+6 1
+1 1
+1 1
+1 1
+1 1
+1 1
+41 2
+1 2
+1 2
+1 2
+1 2
+2 2
+1 2
+1 2
+1 2
+1 2
+1 2
+1 2
1318 2
+1 2
+1 2
+1 2
+1 2
+2 2
+1 2
+1 2
+1 2
+1 2
+1 2
+1 2
+1 2
+4 2
+1 2
+1 2
+6 2
+1 2
+1 4
+4 2
+1 2
+3 2
+1 2
+1 2
+3 2
+1 2
+1 2
+6 2
+1 2
+1 2
+1 2
+1 2
+1 2
1568 12
+1 12
+1 12
+1 12
+1 12
+2 12
+1 12
+1 12
+1 12
+1 12
+1 12
+1 12
+1 1
+4 1
+1 1
+1 1
+6 1
+1 1
+1 2
+4 1
+1 1
+3 1
+1 1
+1 1
+3 1
+1 1
+1 1
+6 1
+1 1
+1 1
+1 1
+1 1
+1 1
+72 3
+1 3
+1 3
+1 3
+1 3
+2 3
+1 3
+1 3
+1 3
+1 3
+1 3
+1 3
+1 2
+4 2
+1 2
+1 2
+6 2
+1 2
+1 4
+4 2
+1 2
+3 2
+1 2
+1 2
+3 2
+1 2
+1 2
+6 2
+1 2
+1 2
+1 2
+1 2
+1 2
+72 8
+1 8
+1 8
+1 8
+1 8
+2 8
+1 8
+1 8
+1 8
+1 8
+1 8
+1 8
+1 4
+4 4
+1 4
+1 4
+6 4
+1 4
+1 8
+4 4
+1 4
+3 4
+1 4
+1 4
+3 4
+1 4
+1 4
+6 4
+1 4
+1 4
+1 4
+1 4
+1 4
+72 2
+1 2
+1 2
+1 2
+1 2
+2 2
+1 2
+1 2
+1 2
+1 2
+1 2
+1 2
+1 2
+4 2
+1 2
+1 2
+6 2
+1 2
+1 4
+4 2
+1 2
+3 2
+1 2
+1 2
+3 2
+1 2
+1 2
+6 2
+1 2
+1 2
+1 2
+1 2
+1 2
+72 17
+1 17
+1 17
+1 17
+1 17
+2 17
+1 17
+1 17
+1 17
+1 17
+1 17
+1 17
+2 6
+4 6
+1 6
+1 6
+6 6
+1 6
+2 12
+4 6
+1 6
+3 6
+1 6
+1 6
+3 6
+1 6
+1 6
+6 6
+1 6
+1 6
+1 6
+1 6
+1 6
+74 29
+2 29
+1 29
+1 29
+1 29
-3 35
+1 35
+1 35
+1 35
+1 58
+5 29
+6 29
+1 29
+8 29
+1 29
-16 181
+6 181
+1 181
+8 181
+1 181

fl=(38)
fn=(108)
175 5
+1 1
-1 6
+1 1
-1 1
+1 1
-1 1
+1 1
-1 1
+1 2
cfi=(10)
cfn=(24)
calls=1 405 
* 21
* 1
+2 2
+1 3
+26 2
-26 1
+25 1
cfi=(39)
cfn=(110)
calls=1 29 
* 47
fi=(40) ./elf/./dl-hwcaps.h
54 1
fe=(38)
205 1
-1 1
fi=(40)
56 1
+32 1
+1 1
+1 1
fe=(38)
-35 2
cfi=(41)
cfn=(116)
calls=1 -4 
* 13
* 2
fi=(40)
-1 1
+2 2
-2 1
+34 2
+1 2
+1 1
fe=(38)
-32 2
-1 2
+1 2
+1 2
-1 2
-3 4
cfi=(41)
cfn=(116)
calls=2 -4 
* 114
* 2
cfi=(41)
cfn=(116)
calls=1 -4 
* 122
* 6
+48 5
fi=(28)
-47 1
cfi=(27)
cfn=(76)
calls=1 -21 
* 25
fe=(38)
+47 1
+2 2
+3 2
fi=(40)
-52 1
fe=(38)
+55 1
-3 1
fi=(40)
-54 2
+3 1
fe=(38)
+58 2
cfi=(41)
cfn=(122)
calls=1 -90 
* 12
* 2
fi=(40)
-61 1
+2 2
-2 1
+34 2
+1 2
+1 1
fe=(38)
+40 4
+1 2
-1 6
+2 2
+1 2
-2 6
-3 4
cfi=(41)
cfn=(116)
calls=2 -77 
* 114
* 2
cfi=(41)
cfn=(116)
calls=1 -77 
* 122
* 6
+8 2
+9 1
-15 1
+15 2
-15 1
+15 8
+9 2
+4 7
cfi=(43)
cfn=(124)
calls=1 22 
* 41
+1 2
+1 1
+4 1
+1 2
+1 1
-20 2
+19 1
+1 1
-20 2
-1 4
+70 1
+1 1
+4 1
-5 2
+1 4
+4 2
-4 1
+4 4
+1 1
-1 1
+1 2
+1 2
-2 5
+1 1
-1 1
+1 2
+1 2
-2 5
+5 1
+3 2
-3 2
+3 15
+7 1
-7 2
+2 3
+1 4
+2 1
fi=(212) ./elf/../sysdeps/x86/dl-hwcap.h
57 1
fe=(38)
233 2
fi=(212)
57 1
fe=(38)
233 2
fi=(212)
57 1
fe=(38)
233 1
+1 1
cfi=(22)
cfn=(60)
calls=1 41 
* 17
+1 1
+1 1
-6 1
+4 1
+1 1
-5 1
+5 1
+1 1
-1 2
-5 4
+10 3
-2 3
+2 1
+1 1
+1 1
-1 1
+4 4
+1 1
-1 1
+4 2
+4 1
-1 1
+1 4
-1 2
+4 3
+1 3
+19 10
+6 2
fi=(28)
56 1
cfi=(27)
cfn=(76)
calls=1 -21 
* 25
* 1
fe=(38)
283 2
+8 1
fi=(40)
54 1
+2 1
+34 1
-2 2
fe=(38)
-5 1
291 1
fi=(40)
54 1
+35 1
fe=(38)
291 1
fi=(40)
90 1
fe=(38)
-10 2
cfi=(41)
cfn=(116)
calls=1 -29 
* 13
* 2
fi=(40)
-26 2
+2 1
fe=(38)
+27 1
fi=(40)
-29 1
+34 2
+1 2
+1 1
fe=(38)
-8 2
+1 4
+7 2
-7 10
cfi=(29)
cfn=(128)
calls=2 199 
* 26
+4 2
+2 2
+2 2
-2 4
-9 4
cfi=(41)
cfn=(116)
calls=2 -29 
* 114
* 2
cfi=(41)
cfn=(116)
calls=1 -29 
* 122
* 6
304 1
+2 1
-2 1
-48 2
+72 1
-72 1
376 2
+13 2
-58 1
+45 1
+13 1
-58 1
-75 1
+82 1
+10 2
-92 1
+88 1
+4 3
-4 1
+3 7
-3 2
-3 1
+3 1
cfi=(29)
cfn=(128)
calls=1 199 
* 18
* 2
-3 1
+3 1
cfi=(29)
cfn=(128)
calls=1 199 
* 18
* 2
+3 2
-3 4
+3 5
+1 12
+1 2
-2 1
+2 1
cfi=(29)
cfn=(128)
calls=1 199 
* 15
* 2
-2 2
+5 8
cfi=(29)
cfn=(128)
calls=2 199 
* 30
* 4
+2 5
+5 6
+1 1
-1 3
+1 7
-1 25
+5 11
+4 1
-1 1
+1 2
-4 12
+4 2
-1 2
+1 13
-1 9
+1 18
+1 24
-1 12
-1 12
+2 24
-1 24
-1 24
+4 9
+3 1
+2 2
-1 1
-1 1
+2 1
-2 1
+2 2
-1 1
+1 2
+2 6
+1 2
+3 2
-6 2
+6 3
+7 8
+1 1
-1 2
+3 2
-3 3
+1 3
-1 6
+3 6
+3 4
-80 2
+86 9
-20 1
+1 2
-6 3
259 2
+1 2
+1 4
-1 3
+12 4
-44 2
+34 4
-2 3

fl=(129)
fn=(416)
561 4
+3 1
+2 2
+13 1
cfn=(420) _dlfo_process_initial
calls=1 474 
* 79
+1 1
-1 1
+1 1
fi=(28)
56 1
cfi=(27)
cfn=(76)
calls=1 -21 
* 25
fe=(129)
580 1
fi=(28)
56 1
fe=(129)
582 2
+3 2
+5 1
+1 1
cfn=(420)
calls=1 474 
* 280
+3 3
+10 4
-37 2
cfi=(130) ./elf/./dl-find_object.h
cfn=(418) _dl_find_object_from_map
calls=1 95 
* 68
* 1
+29 2
cfn=(422) _dlfo_sort_mappings
calls=1 -60 
* 80
+3 6
+2 1

fn=(420)
474 2
+3 2
-3 2
+1 2
+3 4
+26 14
+1 6
+1 8
-1 16
+3 28
+3 24
-7 10
+25 2
+2 8
-18 18
+3 6
-1 6
cfi=(130)
cfn=(418)
calls=3 95 
* 189
+2 12

fn=(422)
536 1
+1 2
+3 4
+4 1
+1 1
-1 1
+1 2
-1 1
+1 1
-1 1
+1 6
+1 19
-1 9
+8 6
+1 4
-1 2
-13 4
+14 6
+1 4
-15 4
+17 1

fl=(65)
fn=(208)
25 1
+2 7
+4 1

fl=(142) ./elf/./elf/dl-runtime.c
fn=(458) _dl_fixup
46 16
+2 10
+1 2
+6 2
fi=(213) ./elf/../sysdeps/x86_64/dl-runtime.h
-27 2
fe=(142)
+21 2
+5 2
+1 2
-6 2
+6 4
+1 2
+2 2
-2 2
+2 2
-2 10
+7 4
+4 4
+4 6
+4 6
+1 8
-7 8
+16 2
-1 2
+1 4
+10 20
cfi=(79)
cfn=(280)
calls=2 840 
* 1363
* 2
+4 10
+10 20
+15 8
+9 6
+26 6
fi=(6)
+70 2
fe=(142)
-66 12

fl=(67)
fn=(220)
28 20
+1 40
cfi=(59)
cfn=(192)
calls=10 153 
* 98

fl=(42)
fn=(118)
23 15
+1 15
+1 15
+1 15
+1 15
+1 15
+1 15
+1 15
+1 15
+1 15
+1 15
+1 15
+1 15
+1 15
+1 15
+1 15
+1 15
+1 15
+1 13
+4 13
+1 13
+1 13
+1 13
+2 13
+4 2
+1 2
+1 2
+1 2
+1 2
+1 2
+1 2
+1 2
+1 2
+1 2
+1 2
+1 2
+1 2
+1 2
+1 2
+1 2
+1 2
+1 2
+1 2
+1 2
+1 2
+1 2
+1 2
+1 2
+52 2
+4 2
+1 2
+1 2
+1 2
+2 2

fl=(52)
fn=(250)
238 6
+1 1
+1 1
+3 1
+1 1
+2 1
cfi=(2)
cfn=(252)
calls=1 696 
* 4239
+2 1
+1 1
+1 4

fn=(162)
225 10
+2 2
cob=(2)
cfi=(51)
cfn=(164)
calls=1 0 
* 2759
+1 2
+1 1
+1 1
-1 1
+1 1
+2 5

fn=(166)
175 9
+5 3
-5 9
+5 3
-2 6
+22 3
-1 3
+7 6
-6 3
+3 6
+3 3
cfi=(53)
cfn=(168)
calls=3 30 
* 72
* 12
+2 9
cfi=(66)
cfn=(214)
calls=2 61 
* 6871
cfi=(2)
cfn=(170)
calls=1 663 
* 2698
+2 3
-1 3
+1 3
-1 3
+1 6
+9 12

fl=(13)
fn=(100)
46 5
+2 3
+85 5
-45 2
cfi=(36)
cfn=(102)
calls=1 +32 
* 6
+15 1
-15 2
+20 1
-1 1
+3 12
+4 3
-2 6
+2 9
+7 3
-1 3
+4 3
-2 3
+2 10
+5 2

fl=(77)
fn=(270)
252 8
42 1
+9 1
-10 1
+4 1
-4 1
+3 1
+4 2
+1 2
-1 2
+14 2
254 8

fl=(68)
fn=(230) _dl_cache_libcmp
370 10
+1 10
+32 10
-33 20
+1 24
+2 53
+2 53
-2 106
+20 102
+2 102
-12 43
+2 43
+14 43
+1 43
-29 86
+32 6
-28 4
+8 2
-2 4
+1 4
-1 2
+2 6
+2 2
-3 2
+3 6
+2 4
+9 24

fn=(468)
537 1
+1 4
-1 1
+3 2
cfi=(72)
cfn=(470) munmap
calls=1 117 
* 6
+1 1
+4 1
+2 2

fn=(222)
416 10
+2 2
+3 3
+74 1
208 1
495 2
+3 3
fi=(70) ./elf/../sysdeps/x86/dl-procinfo.h
39 2
+3 3
cfi=(32)
cfn=(90)
calls=1 +66 
* 25
* 4
fe=(68)
212 6
cfi=(10)
cfn=(24)
calls=1 405 
* 21
* 1
+16 2
-16 1
+6 2
+10 1
-7 5
+9 3
+1 1
-37 2
+37 1
+4 2
-5 21
+1 7
-37 14
+37 7
+4 14
+4 24
cfn=(230)
calls=8 370 
* 594
+1 16
359 7
+3 8
228 8
360 3
228 9
+2 5
+20 4
+3 4
+2 8
cfn=(230)
calls=2 370 
* 220
* 4
+2 1
-9 4
-30 2
+1 1
+95 1
-95 1
-1 8
+96 3
-47 2
+10 2
+1 3
fi=(69) ./elf/../sysdeps/generic/dl-cache.h
125 5
fe=(68)
294 2
+9 2
+3 2
+2 3
+1 2
+5 2
+1 4
+7 2
+21 4
513 2
+12 2
cfi=(22)
cfn=(60)
calls=1 41 
* 35
* 12
+1 1
-1 1
+1 1
-1 1
+1 1
cfi=(29)
cfn=(80)
calls=1 212 
* 11
* 1
+1 1
cfi=(45)
cfn=(140)
calls=1 40 
* 89
+1 8
-3 2
424 4
cfi=(54)
cfn=(224) _dl_sysdep_read_whole_file
calls=1 36 
* 91
* 1
+8 5
+1 8
+3 4
+1 1
-1 3
fi=(69)
194 1
+1 5
fe=(68)
444 1
+1 2

fl=(54)
fn=(224)
36 2
+3 1
-3 6
+3 1
-3 1
+3 1
cfi=(55)
cfn=(178)
calls=1 -11 
* 19
+1 2
+23 7
-21 4
cfi=(58)
cfn=(190)
calls=1 -13 
* 15
* 2
+2 2
+3 2
+13 2
cfi=(64)
cfn=(204)
calls=1 -35 
* 6
* 1
-11 6
cfi=(60)
cfn=(194)
calls=1 -2 
* 9
* 2

fn=(174)
68 84
+1 28
cfi=(32)
cfn=(90)
calls=14 +39 
* 635
* 28
+3 14
+2 28
+6 15
-6 30
+1 54
cfi=(32)
cfn=(90)
calls=18 +33 
* 871
* 36
+8 3
-13 3
+13 20
-1 11
+1 33

fl=(79)
fn=(280)
840 1180
+10 118
-10 236
+10 118
-10 118
+10 118
204 118
840 118
204 590
581 472
-1 236
+2 118
-1 118
+1 354
-1 354
+1 1381
-1 1381
+1 4143
-1 4143
+2 118
846 118
-4 118
+1 118
+7 118
-8 118
+1 118
+7 445
+3 118
+2 236
-2 118
+6 236
-7 708
+7 35
+1 1652
cfn=(282) do_lookup_x
calls=118 363 
* 41920
* 354
+28 118
-23 118
+23 118
-23 236
+24 650
+7 111
-7 111
+40 444
+79 222
-65 333
+3 333
-62 118
+69 1062
-86 42
+18 21
+59 2

fn=(284) check_match
70 113
+3 113
-3 1356
+3 448
+13 111
-13 111
+13 111
-13 111
+13 333
+3 422
cfi=(32)
cfn=(90)
calls=50 +19 
* 2068
* 100
+4 111
+1 222
+2 218
+19 218
+1 872
-38 111
+84 666
-18 4
+2 4
+1 2
-1 4
+1 6
-1 4
+16 12
-45 327
cfi=(32)
cfn=(90)
calls=109 -9 
* 2976
* 218
-44 8
+82 4

fn=(282)
363 944
+1 118
-1 590
+48 118
-30 236
-11 118
+41 118
-30 354
+30 118
fi=(80) ./elf/../sysdeps/generic/dl-protected.h
44 354
fe=(79)
381 118
fi=(80)
44 472
fe=(79)
395 1095
+4 365
+4 365
-3 365
+3 1460
+1 1095
+3 365
+1 730
+7 365
-3 730
-2 365
+5 1460
+3 2555
570 768
374 734
+3 734
+4 746
+4 730
+4 730
+88 222
fi=(4)
137 222
+1 333
fe=(79)
528 222
fi=(80)
29 222
fe=(79)
535 836
+16 222
+1 111
+1 222
422 468
-1 234
+2 234
+2 1404
+13 447
-10 1300
+3 113
-1 226
+1 113
-1 113
+2 226
-1 1356
cfn=(284)
calls=113 70 
* 11384
+4 339
+3 4
573 7
+1 944
-35 39
-70 12
171 42
452 888

fl=(130)
fn=(418)
95 8
+1 8
+1 4
+6 20
+1 119
+1 82
+2 12
+5 4

fl=(24)
fn=(266)
68 2
fi=(214) ./elf/../include/list.h
-24 1
fe=(24)
+24 1
fi=(214)
-25 1
fe=(24)
+26 1
+3 1
fi=(214)
-29 1
+1 1
+1 1
+2 1
fe=(24)
+28 4
+1 2
+1 1
+5 2
+5 1
+6 1
-3 1
+3 1
-6 3
+6 1
+13 3
fi=(76) ./elf/../sysdeps/unix/sysv/linux/rseq-internal.h
-72 1
fe=(24)
+72 1
cfi=(10)
cfn=(24)
calls=1 405 
* 20
fi=(76)
-74 3
+2 6
+3 2
+3 1
fe=(24)
+83 3
+7 2
+2 1
+1 1
+1 3

fn=(66)
53 3
+3 8
+5 1
-5 1
+5 1
+1 1
-6 1
+8 1

fn=(84)
42 8
+2 16

fl=(135)
fn=(438)
27 1
+2 2
-2 1
+6 3
-6 1
+6 3
-6 1
+6 1
cfi=(134)
cfn=(434)
calls=1 +41 
* 177
+4 2
+2 4
+2 1
-1 1
+1 2
-1 1
cob=(3)
cfi=(136) ./elf/./elf/libc_early_init.c
cfn=(440) __libc_early_init
calls=1 -7 
* 1108

fl=(141)
fn=(456)
67 2
+5 2
+3 2
+2 2
+10 2
+6 2
+1 2
+1 2
+1 2
+1 2
+1 2
+1 2
+4 2
+1 2
+3 2
+1 2
+2 2
+1 2
+1 2
+1 2
+1 2
+1 2
+2 2
+7 2
+1 2
+1 2
cfi=(142)
cfn=(458)
calls=2 -80 
* 1555
+1 2
+5 2
+1 2
+1 2
+2 2
+1 2
+1 2
+1 2
+1 2
+1 2
+1 2
+2 2
+2 2
+4 2
+2 2

fl=(133)
fn=(432)
30 2
+10 3
-10 1
+10 2
-10 1
+7 1
+3 2
cfi=(134)
cfn=(434)
calls=1 +34 
* 175
+4 2
+1 8
+2 3
-2 1
+2 3
cfi=(134)
cfn=(434)
calls=1 +27 
* 198
+4 2
+1 6
+1 2
-1 1
+1 2

fl=(8)
fn=(14)
25 4
+3 4
-3 4
+3 8
+3 12
+1 8
+2 4
-1 4
+3 12
+1 4
+4 4
-3 4
+7 4
-4 4
-3 4
+2 8
+5 4
-5 4
-2 4
+7 4
-5 4
+10 4

fl=(56)
fn=(180)
25 2
+1 8
+1 2

fl=(58)
fn=(190)
29 6
+1 6
+5 9
cfi=(59)
cfn=(192)
calls=3 153 
* 24

fl=(16)
fn=(40) update_active.constprop.0
43 7
+45 1
-41 1
+28 1
-18 1
+31 1
+4 1
-36 1
-1 1
+37 1
-26 1
-11 1
+1 1
+36 2
+1 1
-17 1
-21 1
+25 1
-4 1
-11 1
+28 1
-1 1
-36 1
+18 1
+19 1
-13 1
-4 1
-11 1
+19 1
+11 1
-3 1
-12 1
+14 1
-29 1
+18 1
+9 1
-18 1
+13 1
-13 1
-9 1
+29 2
+3 1
-14 1
-9 1
+9 1
+4 1
+10 1
-17 1
+7 1
+5 1
+5 1
+1 1
-1 1
+1 2
+2 2
+1 4
+3 1
+1 1
-1 1
+1 1
-1 1
+1 1
-1 1
+1 1
+4 2
+4 2
+2 4
+83 3
+12 2
+1 1
+3 3
+4 1
-4 1
+4 1
+67 3
+4 3
fi=(18)
31 1
-3 1
+3 1
-1 2
fe=(16)
296 1
+1 8
-75 3
+1 2
+3 1
-1 1
+9 1
-5 1
+2 1
-2 1
+5 1
fi=(18)
32 3
+4 3
fe=(16)
+83 2
+2 1
+3 2
+10 1
+10 1
-10 1
+10 1
-10 1
+6 1
+4 1
-4 1
-6 1
+6 1
+2 1
-2 1
+2 3
+7 4
fi=(18)
39 3
+1 4
+5 1
-7 1
+7 3
+2 1
+1 2
+1 3
+2 4
+1 2
+1 2
+6 1
-4 1
+4 1
-3 2
fe=(16)
+75 1
-5 2
+4 1

fn=(34)
399 1
+16 1
-16 6
+3 1
+1 1
+1 1
+11 2
+3 6
593 1
+94 5
+1 1
+3 2
+1 1
+6 1
+3 1
fi=(19)
+5 1
+2 1
fe=(16)
-9 1
fi=(19)
+23 2
840 1
+46 1
-46 17
+45 2
+25 2
+21 2
-21 2
+13 3
+8 1
-8 1
+8 1
cfi=(10)
cfn=(24)
calls=1 405 
* 21
* 1
+2 2
+3 4
cfi=(10)
cfn=(24)
calls=1 405 
* 21
* 1
+2 1
+3 2
-3 2
+3 1
-3 1
+3 1
cfi=(10)
cfn=(24)
calls=1 405 
* 21
* 1
+1 5
+16 2
-12 5
cfi=(10)
cfn=(24)
calls=1 405 
* 21
* 1
+1 3
+23 1
-17 5
+3 3
-3 1
cfi=(10)
cfn=(24)
calls=1 405 
* 21
+3 3
-3 2
+3 9
cfi=(10)
cfn=(54)
calls=1 157 
* 58
+1 9
cfi=(10)
cfn=(54)
calls=1 157 
* 58
+1 10
cfi=(10)
cfn=(54)
calls=1 157 
* 58
+3 8
cfi=(10)
cfn=(54)
calls=1 157 
* 58
+2 8
cfi=(10)
cfn=(54)
calls=1 157 
* 58
+4 1
fe=(16)
706 1
fi=(19)
967 2
fe=(16)
706 2
fi=(19)
967 4
fe=(16)
706 1
cfi=(10)
cfn=(24)
calls=1 405 
* 19
+4 3
+14 1
-1 2
+1 3
+47 1
-1 1
+1 1
+46 4
cfi=(10)
cfn=(24)
calls=1 405 
* 19
+2 4
cfi=(10)
cfn=(24)
calls=1 405 
* 19
fi=(21) ./elf/../sysdeps/unix/sysv/linux/x86/cpu-features.c
27 6
fe=(16)
829 2
+45 8
fi=(19)
+19 11
fe=(16)
775 3
+27 2
-10 2
+1 2
+2 3
+1 2
+2 3
+1 2
fi=(19)
-75 3
cfn=(46)
calls=1 255 
* 437
+1 1
-1 2
+1 1
cfn=(46)
calls=1 255 
* 478
+1 1
-1 1
+1 1
cfn=(46)
calls=1 255 
* 503
+3 1
-3 2
+3 1
cfn=(46)
calls=1 255 
* 459
+2 1
-2 1
+2 1
cfn=(46)
calls=1 255 
* 451
+3 1
-2 1
-1 1
+3 1
cfn=(46)
calls=1 255 
* 428
+2 1
-2 1
+2 1
cfn=(46)
calls=1 255 
* 429
+3 1
-2 1
-1 1
+3 1
cfn=(46)
calls=1 255 
* 469
+2 1
-2 1
+2 1
cfn=(46)
calls=1 255 
* 470
+3 1
-3 1
+3 1
cfn=(46)
calls=1 255 
* 494
+2 1
-2 1
+2 1
cfn=(46)
calls=1 255 
* 495
+2 1
-2 1
+2 1
cfn=(46)
calls=1 255 
* 790
+2 3
-2 1
+2 1
cfn=(52)
calls=1 481 
* 215
863 15
fe=(16)
424 6
cfn=(36) get_common_indices.constprop.0
calls=1 -99 
* 71
303 3
+1 2
+1 6
+5 2
+1 6
+5 2
+1 6
429 1
cfn=(40)
calls=1 43 
* 194
+2 1
+2 1
+83 1
-85 2
564 2
+7 2
+2 1
+4 2
+6 2
422 2
-3 1
+14 3
+1 4
+69 1
+10 11
+42 1
+1 1
434 11
+55 3

fn=(36)
325 1
+4 4
+3 3
+5 2
-5 1
+5 1
-5 1
+4 1
+1 1
+1 4
+1 4
+1 3
+1 2
+7 2
+2 5
+5 1
-5 1
+5 1
-5 1
+5 1
-5 2
+5 1
+7 1
-7 4
+7 1
+1 3
+6 1
-6 4
+6 1
fi=(17) ./elf/../sysdeps/unix/sysv/linux/x86/dl-minsigstacksize.h
24 2
+3 2
+1 2
+37 3
+7 1
+2 1
fe=(16)
384 2

fl=(14)
fn=(28)
35 1
+1 3
+1 2
+6 1
+1 1

fl=(45)
fn=(140)
40 15
+1 3
cfi=(22)
cfn=(60)
calls=3 * 
* 87
* 3
fi=(215) ./string/../include/rtld-malloc.h
+15 6
cfi=(27)
cfn=(76)
calls=3 -21 
* 75
fe=(45)
-12 6
+4 3
-1 9
+1 6
-1 3
cfi=(29)
cfn=(80)
calls=3 212 
* 41

fl=(72)
fn=(470)
117 5
+5 1

fn=(236)
117 25
+5 5

fl=(60)
fn=(194)
47 24
+3 24
+8 48
+2 12

fl=(73)
fn=(240)
30 20
+4 2
+1 4
+11 2
-1 4
+18 8

ob=(3)
fl=(163) ./malloc/./malloc/morecore.c
fn=(566) __glibc_morecore
25 18
+1 36
-1 18
+4 18
cfi=(164) ./misc/./misc/sbrk.c
cfn=(568) sbrk
calls=18 +8 
* 555
+1 36
+4 36

fl=(128)
fn=(408)
31 1
fi=(124) ./string/../sysdeps/x86_64/multiarch/ifunc-evex.h
+4 5
-1 2
+2 3
+5 2
-3 2
+9 3
+3 4
fe=(128)
-19 1

fl=(207) ./posix/./posix/register-atfork.c
fn=(814) __unregister_atfork
76 4
+1 2
-1 2
+1 6
fi=(208) ./posix/../malloc/dynarray-skeleton.c
243 2
fe=(207)
65 4
+38 8
+1 4

fl=(118)
fn=(380)
29 2
fi=(84) ./string/../sysdeps/x86_64/multiarch/ifunc-avx2.h
+4 10
-1 4
+2 6
+2 4
+4 6
+3 8
fe=(118)
-14 2

fl=(100)
fn=(336)
31 1
fi=(101) ./string/../sysdeps/x86_64/multiarch/ifunc-strcpy.h
+5 2
+1 1
-1 2
+1 2
+2 2
+4 3
+3 3
fe=(100)
-15 1

fl=(147) ./misc/./misc/init-misc.c
fn=(498) __init_misc
30 1
+1 2
-1 4
+1 3
+2 3
cob=(2)
cfi=(51)
cfn=(500)
calls=1 -33 
* 30
+4 5
+1 3
+2 4

fl=(188)
fn=(774)
294 2
+1 2
+1 2
+1 2
+17 2
+1 2
+42 2
+1 2
+2 2
+1 2
+2 1
+4 1
+1 1
+1 1
+1 1
+1 1
+4 1
+2 1
+39 1
+1 1
+1 1
+1 1
+1 1

fn=(684)
307 16241
+1 16241
+6 16241
+1 16241
+2 1862
+1 1862
+1 1862
+3 64
+1 64
+1 64
+3 128
+30 14379
+1 14379
+2 14377
+1 14377
+2 12115
+4 12115
+1 2916
+1 2916
+1 2916
+1 2916
+1 2916
+1 2916
+2 2916
+2 2916
+6 9199
+1 9199
+1 9199
+1 9199
+1 9199
+7 2
+1 2
+1 2
+1 2
+2 2
+17 2262
+1 2262
+1 2262
+1 2262
+1 2262
+7 1015
+1 1015
+1 1015
+1 1015
+1 1015
+1 1015
+1 2030
+5 1798
+1 1798
+5 1798
+1 1798
+2 1490
+1 1490
+1 1490
+2 475
+1 475
+1 475
+1 475
+1 475
+1 475
+1 475
+1 475
+1 475
+1 475
+1 475
+1 475
+1 475
+1 475
+1 950
+4 308
+1 308
+4 308
+2 308
+4 308
+1 308
+11 308
+3 308
+2 308
+2 308
+4 308
+1 308
+9 286
+1 286
+2 286
+2 286
+1 286
+1 286
+3 286
+2 286
+2 286
+2 572
+6 286
+1 286
+1 286
+1 286
+1 286
+1 286
+1 286
+1 286
+1 286
+1 286
+1 286
+1 286
-11 572
+1 572
+1 572
+1 572
+1 572
+1 572
+1 572
+1 572
+1 572
+1 572
+1 572
+1 572
+2 286
+1 286
+1 286
+1 286
+2 286
+4 572
+13 22
+1 22
+2 22
+1 22
+1 22
+2 22
+2 22
+2 44
+6 22
+1 22
+1 22
+1 22
+1 22
+1 22
+1 22
+1 22
+1 22
+1 22
+1 22
+1 22
-11 34
+1 34
+1 34
+1 34
+1 34
+1 34
+1 34
+1 34
+1 34
+1 34
+1 34
+1 34
+2 22
+1 22
+1 22
+1 22
+2 22
+1 44

fl=(146)
fn=(496)
46 4
+5 2
+4 5
+8 1
-2 1
+10 1
-9 1
+1 1
+9 2
-1 1
cfi=(147)
cfn=(498)
calls=1 -41 
* 55

fl=(127)
fn=(406)
31 1
fi=(216) ./string/../sysdeps/x86_64/multiarch/ifunc-strcasecmp.h
+1 5
fe=(127)
-1 1

fl=(136)
fn=(440)
33 7
+2 1
cfi=(137) ./ctype/./ctype/ctype-info.c
cfn=(442) __ctype_init
calls=1 -6 
* 17
+3 1
fi=(139) ./elf/../sysdeps/nptl/pthread_early_init.h
-5 2
fe=(136)
+8 1
-3 1
fi=(139)
-5 1
cfi=(138) ./resource/../sysdeps/unix/sysv/linux/getrlimit64.c
cfn=(444) getrlimit
calls=1 +5 
* 10
* 3
+1 6
+11 1
fi=(217) ./elf/../nptl/nptl-stack.h
+13 3
fi=(139)
-13 1
fi=(217)
+13 2
fi=(139)
-4 1
fi=(217)
+4 2
fi=(139)
-6 1
fi=(217)
+6 1
fi=(139)
-12 1
+6 6
+1 1
+4 1
cfi=(140) ./nptl/./nptl/pthread_mutex_conf.c
cfn=(448) __pthread_tunables_init
calls=1 -7 
* 884
fe=(136)
-10 3
+2 2
-2 1
cfi=(143) ./nptl/../sysdeps/unix/sysv/linux/x86/elision-conf.c
cfn=(462) __lll_elision_init
calls=1 +49 
* 147

fl=(102)
fn=(340)
31 2
fi=(103) ./wcsmbs/../sysdeps/x86_64/multiarch/ifunc-evex.h
+4 10
-1 4
+2 6
+5 4
-3 4
+9 6
+3 8
fe=(102)
-19 2

fl=(91)
fn=(310)
29 1
fi=(88) ./wcsmbs/../sysdeps/x86_64/multiarch/ifunc-wcslen.h
+5 4
-1 2
+2 3
+2 2
+4 3
+3 3
fe=(91)
-15 1

fl=(106)
fn=(348)
29 1
fi=(218) ./string/../sysdeps/x86_64/multiarch/ifunc-sse4_2.h
+1 5
fe=(106)
-1 1

fl=(125)
fn=(400)
29 1
fi=(218)
+1 5
fe=(125)
-1 1

fl=(177) ./libio/./libio/ioseekoff.c
fn=(618) _IO_seekoff_unlocked
33 4
+1 8
-1 24
+10 14
+1 2
+15 4
fi=(219) ./libio/../libio/libioP.h
940 12
+2 8
+1 8
fe=(177)
59 4
+1 4
-1 8
+1 12
-1 4
cfi=(170) ./libio/./libio/fileops.c
cfn=(620) _IO_file_seekoff@@GLIBC_2.2.5
calls=4 900 
* 737

fl=(204)
fn=(800)
77 1
+3 3
+2 1
+2 2
-7 2
+11 2
+79 1
+3 1
+2 1
+3 1
+2 1
+1 3
-81 2
+11 4
+4 1
+3 2
-71 1
+1 8
+1 1
+84 3
+1 2

fl=(148)
fn=(502)
46 1
+1 1
+1 1
+2 1
+1 1
+3 1
+1 1
+1 1
+2 1
+1 1
+1 1
+1 1
+1 1
+1 1
+2 1
+1 1
+12 1
+1 1
219 1
+1 1
+1 1
+1 1
+1 1
+2 1
+1 1
+1 1
+1 2

fl=(152) ./stdlib/./stdlib/cxa_atexit.c
fn=(512) __cxa_atexit
69 9
-28 2
+2 6
+1 2
cfn=(514) __new_exitfn
calls=1 +38 
* 32
+2 2
+10 1
+2 1
-5 3
+3 1
-1 1
+4 2
+1 1
-1 2
+12 6

fn=(514)
82 1
+6 2
-6 4
+11 4
-10 2
+12 4
-2 1
+10 1
-10 3
+45 1
+5 1
-4 1
+4 4
-18 1
-1 1
+1 1

fl=(119)
fn=(384)
29 1
fi=(101)
+7 2
+1 1
-1 2
+1 2
+2 2
+4 3
+3 3
fe=(119)
-17 1

fl=(180) ./libio/./libio/fseek.c
fn=(630) fseek
32 9
+3 13
+1 5
cfi=(177)
cfn=(618)
calls=1 -3 
* 534
* 4
fi=(179) ./libio/./libio/libioP.h
883 2
+1 10
fe=(180)
39 6

fl=(183) ./io/../sysdeps/unix/sysv/linux/fstatat64.c
fn=(640) fstatat
153 6
-55 6
+70 9
+1 3

fl=(182) ./io/../sysdeps/unix/sysv/linux/fstat64.c
fn=(638) fstat
29 6
+1 6
+5 9
cfi=(183)
cfn=(640)
calls=3 153 
* 24

fl=(197) ./stdio-common/./stdio-common/printf.c
fn=(754) printf
28 13
+4 1
+1 2
-1 2
+1 1
-1 1
+1 1
-1 1
+1 1
-1 1
+1 1
cfi=(198) ./stdio-common/./stdio-common/vfprintf-internal.c
cfn=(756) __vfprintf_internal
calls=1 1180 
* 3037
+4 5

fl=(85)
fn=(298)
29 1
fi=(218)
+1 5
fe=(85)
-1 1

fl=(107)
fn=(350)
43 1
-6 5
+6 1

fl=(143)
fn=(462)
96 2
+5 1
-5 1
+5 1
-5 3
+5 3
cob=(2)
cfi=(51)
cfn=(450)
calls=1 0 
* 22
+2 4
cob=(2)
cfi=(51)
cfn=(450)
calls=1 0 
* 22
+2 4
cob=(2)
cfi=(51)
cfn=(450)
calls=1 0 
* 22
+2 4
cob=(2)
cfi=(51)
cfn=(450)
calls=1 0 
* 22
+2 4
cob=(2)
cfi=(51)
cfn=(450)
calls=1 0 
* 22
+4 3
+1 1
+1 6

fl=(162) ./stdlib/../sysdeps/unix/sysv/linux/getrandom.c
fn=(554) getrandom
28 1
+1 7
+1 1

fl=(166)
fn=(574)
181 3
+1 9
+5 3
+1 3
+1 3
+1 3
+69 3
+1 3
+88 3
+1 3
+1 3
+1 129851
+1 3
+1 6

fl=(140)
fn=(448)
50 2
+1 2
-1 4
+1 3
cob=(2)
cfi=(51)
cfn=(450)
calls=1 -51 
* 840
+2 4
cob=(2)
cfi=(51)
cfn=(450)
calls=1 -53 
* 23
+2 6

fl=(120)
fn=(388)
29 1
fi=(121) ./wcsmbs/../sysdeps/x86_64/multiarch/ifunc-memcmp.h
+5 2
+1 1
-1 2
+1 2
+1 2
+1 3
+2 2
+4 3
+3 3
fe=(120)
-17 1

fl=(209) ./posix/../sysdeps/unix/sysv/linux/_exit.c
fn=(866) _Exit
27 2
+3 1
+1 2

fl=(94)
fn=(318)
31 2
fi=(95) ./wcsmbs/../sysdeps/x86_64/multiarch/ifunc-avx2.h
+2 10
-1 4
+2 6
+2 4
+4 6
+3 8
fe=(94)
-12 2

fl=(174)
fn=(760)
51 2
+2 2
+1 2
+1 2
+1 2
+1 2
+3 2
+1 2
+4 2
+1 2
+1 2
+1 2
+1 2
+1 2
+1 2
+1 1
+6 1
+1 2
+27 1
+1 1
+6 1
+1 2
+31 1
+4 1
+1 1
+1 1
+1 1
+1 1
+1 1
+1 1

fn=(610)
51 1
+2 1
+1 1
+1 1
+1 1
+1 1
+3 1
+1 1
+4 1
+1 1
+1 1
+1 1
+1 1
+1 1
+1 1
+1 1
+3 1
+1 1
+23 1
+1 2

fl=(176) ./libio/./libio/ioftell.c
fn=(616) ftell
34 10
+3 26
+1 10
cfi=(177)
cfn=(618)
calls=2 -5 
* 153
+1 2
fi=(179)
883 4
fe=(176)
39 4
fi=(179)
884 10
fe=(176)
45 4
+12 8
fi=(179)
883 4
+1 8
fe=(176)

fl=(201) ./stdlib/./stdlib/exit.c
fn=(794) __run_exit_handlers
40 11
+5 2
+3 5
+50 1
-42 1
+2 3
+8 6
+2 1
+3 1
-3 1
+3 6
+34 1
+1 1
+1 1
-2 1
+7 1
-3 2
+3 3
+1 3
cob=(1)
cfi=(203)
cfn=(798)
calls=1 -82 
* 896
+1 4
+10 2
+1 2
-63 1
+69 4
+2 2
+1 6
cfi=(169) ./libio/./libio/genops.c
cfn=(852) _IO_cleanup
calls=1 863 
* 365
* 3
+2 2
cfi=(209)
cfn=(866)
calls=1 27 
* 5
-90 1
cfi=(202) ./stdlib/./stdlib/cxa_thread_atexit_impl.c
cfn=(796) __call_tls_dtors
calls=1 149 
* 12
* 1

fn=(792) exit
142 3
+1 3
-1 1
+1 1
cfn=(794)
calls=1 40 
* 1357

fl=(156) ./setjmp/./setjmp/sigjmp.c
fn=(538) __sigjmp_save
28 3
+2 2
-1 1
+5 3

fl=(89)
fn=(306)
29 1
fi=(90) ./string/../sysdeps/x86_64/multiarch/ifunc-memset.h
+21 5
+3 3
+7 2
+9 2
+2 2
+10 2
+8 2
+2 5
fe=(89)

fl=(97)
fn=(324)
28 1
fi=(84)
+5 5
-1 2
+2 3
+2 2
+4 3
+3 4
fe=(97)
-15 1

fl=(110)
fn=(358)
29 1
fi=(111) ./string/../sysdeps/x86_64/multiarch/ifunc-memcmp.h
+5 2
+1 1
-1 2
+1 2
+1 2
+1 3
+2 2
+4 3
+3 3
fe=(110)
-17 1

fl=(122)
fn=(392)
33 1
fi=(101)
+3 2
+1 1
-1 2
+1 2
+2 2
+4 3
+3 3
fe=(122)
-13 1

fl=(96)
fn=(322)
61 1
-20 2
+1 1
-1 2
-1 2
+2 2
+2 2
+4 3
+3 3
+10 1

fl=(116)
fn=(374)
29 1
fi=(101)
+7 2
+1 1
-1 2
+1 2
+2 2
+4 3
+3 3
fe=(116)
-17 1

fl=(123)
fn=(396)
29 1
fi=(124)
+6 5
-1 2
+2 3
+5 2
-3 2
+9 3
+3 4
fe=(123)
-21 1

fl=(198)
fn=(756)
1180 12
+30 5
+8 4
+4 5
+11 2
+11 1
fi=(220) ./stdio-common/./stdio-common/printf-parse.h
111 2
fe=(198)
1244 5
fi=(220)
111 1
cob=(2)
cfi=(51)
cfn=(758)
calls=1 0 
* 30
fe=(198)
1259 1
fi=(220)
111 1
fe=(198)
1259 3
239 1
fi=(221) ./stdio-common/../libio/libioP.h
940 1
fe=(198)
1263 1
fi=(221)
942 1
-2 1
fe=(198)
1263 1
fi=(221)
940 2
+2 2
+1 2
fe=(198)
239 4
cfi=(170)
cfn=(762) _IO_file_xsputn@@GLIBC_2.2.5
calls=1 1197 
* 2081
* 2
127 9
1263 2
+4 3
+4 8
1532 1
1214 1
+34 1
-8 1
1532 3
+23 1
-39 1
+39 1
-39 1
+39 2
1313 15
+39 1
-51 1
-1 1
-1 1
-1 1
+5 1
1501 1
fi=(220)
88 1
fe=(198)
1352 1
-46 1
-4 1
+50 1
1501 1
1295 1
-1 1
-1 1
-1 1
-1 1
+16 2
1608 2
+1 2
+3 12
-4 9
1259 4
cfi=(171) ./nptl/./nptl/libc-cleanup.c
cfn=(596) __libc_cleanup_push_defer
calls=1 24 
* 10
+1 13
-1 2
1609 2
cfi=(171)
cfn=(598) __libc_cleanup_pop_restore
calls=1 39 
* 8
+2 1
1484 1
-5 8
-1 1
+1 8
+37 13
cfi=(199) ./stdio-common/./stdio-common/_itoa.c
cfn=(770) _itoa_word
calls=1 163 
* 180
* 31
192 2
+47 1
fi=(221)
942 3
+1 2
fe=(198)
239 4
cfi=(170)
cfn=(762)
calls=1 1197 
* 125
* 2
127 13
1517 2
-54 1
+53 12
+73 1
fi=(220)
111 1
fe=(198)
1583 1
fi=(220)
111 2
cob=(2)
cfi=(51)
cfn=(758)
calls=1 0 
* 21
fe=(198)
239 1
fi=(221)
942 1
fe=(198)
1593 1
fi=(220)
111 1
fi=(221)
942 1
fe=(198)
1593 1
fi=(221)
942 1
+1 2
fe=(198)
239 4
cfi=(170)
cfn=(762)
calls=1 1197 
* 233
* 2
127 13
1593 2
+2 3
-79 20
192 2
1516 8

fl=(138)
fn=(444)
38 2
+1 7
+1 1

fl=(202)
fn=(796)
149 4
+1 4
+18 4

fl=(98)
fn=(328)
29 2
fi=(93) ./string/../sysdeps/x86_64/multiarch/ifunc-memmove.h
+24 6
-1 4
+4 6
+14 4
+2 4
+8 4
+8 4
+2 10
fe=(98)

fl=(153) ./csu/../sysdeps/nptl/libc_start_call_main.h
fn=(532) (below main)
29 4
+15 1
-15 5
+15 1
cfi=(154) ./setjmp/../sysdeps/x86_64/bsd-_setjmp.S
cfn=(534) _setjmp
calls=1 -16 
* 34
* 1
+2 2
+5 2
+1 2
+3 2
+3 6
cob=(5)
cfi=(157) /home/matvey/Рабочий стол/HashTable/./src/main.cpp
cfn=(540) main
calls=1 -47 
* 32813081500
* 1
+16 1
cfi=(201)
cfn=(792)
calls=1 +68 
* 1365

fl=(83)
fn=(294)
31 2
fi=(84)
+2 10
-1 4
+2 6
+2 4
+4 6
+3 8
fe=(83)
-12 2

fl=(112)
fn=(362)
31 2
fi=(113) ./wcsmbs/../sysdeps/x86_64/multiarch/ifunc-wmemset.h
+2 10
+1 6
+2 4
+8 6
+3 8
fe=(112)
-16 2

fl=(117)
fn=(378)
31 1
fi=(216)
+1 5
fe=(117)
-1 1

fl=(172) ./io/../sysdeps/unix/sysv/linux/open64.c
fn=(604) open
30 2
+3 1
-3 8
+3 6
+8 10
+2 7

fl=(160)
fn=(736) realloc
3400 34810
+6 6962
+4 6962
+7 6962
+11 3481
-2 3481
+5 3481
-3 6962
+2 6962
+4 10443
fi=(161) ./malloc/./malloc/arena.c
162 10443
fe=(160)
3442 13924
+1 6962
1343 6962
+19 20886
3452 6962
+31 10443
+2 17405
cfn=(740) _int_realloc
calls=3481 4818 
* 918803
* 3481
+1 17405
fi=(161)
162 10443
fe=(160)
3486 6962
+29 31329

fn=(740)
4818 24367
+11 13924
+1 17405
+6 6962
+2 6962
+1 10443
+2 13924
+3 6962
+14 642
+53 1284
-53 1284
+57 642
-57 1926
+55 1284
+2 1142
+1 571
+16 571
+1 5139
-1 71
+1 26190
-79 6962
+12 5004
+12 5583
cfn=(560) _int_malloc
calls=1861 1343 
* 424951
* 1861
+1 3722
+3 1861
+1 1861
+5 3722
+8 1861
-1 1861
+4 1861
-3 11166
+3 1861
cob=(2)
cfi=(51)
cfn=(682)
calls=1861 0 
* 64355
+1 7444
cfn=(706) _int_free
calls=1861 4421 
* 183393
+2 1861
+22 71
-4 71
+3 71
+5 71
-4 71
-1 71
+5 71
-4 71
+3 71
+1 71
cfn=(706)
calls=71 4421 
* 5644
* 71
-60 648
-1 1296
+5 2568
cfn=(716) unlink_chunk.constprop.0
calls=642 1626 
* 14133
* 1284
-17 979
+1 979
-2 1958
+4 978
+4 978
-4 2934
+2 978
-2 978
+2 978
-2 3912
+1 1956
+1 978
+2 978

fn=(558) tcache_init.part.0
3235 3
+9 8
+1 3
cfn=(560)
calls=1 1343 
* 367
* 1
+1 2
+8 4
+7 2
+2 1
+1 2
-1 1
+1 86
+3 4

fn=(562) sysmalloc
2548 99
+20 44
+11 22
+1 33
+26 11
+1 33
+1 11
+9 84
+6 33
+3 33
2941 22
+1 11
+5 22
+3 22
+5 22
-2 11
+2 11
-1 11
+1 11
-3 11
+3 11
+1 11
-1 33
+1 11
+2 22
+6 121
2687 22
+9 44
+13 33
+8 55
+8 22
+39 22
+2 33
+6 42
+1 10
2946 10
2773 30
+2 2
2896 1
-1 1
+1 3
+1 1
+11 2
fi=(161)
565 11
fe=(160)
2727 11
cfi=(163)
cfn=(566)
calls=11 25 
* 487
+1 22
-1 11
+1 11
2028 11
2729 11
2028 11
2729 11
2028 22
2730 11
+3 22
+33 22
2610 22
2775 2
+40 3
+22 1
+1 1
-1 1
+1 6
+2 2
+1 3
cfi=(163)
cfn=(566)
calls=1 25 
* 28
+12 2
-12 1
+12 1
2028 4
2897 4
2765 2
-52 3

fn=(548) calloc
3624 35478
+10 17739
-10 70956
+10 141912
+8 35478
+3 53217
+2 53217
+32 53217
cfn=(560)
calls=17739 1343 
* 2622923
+2 88695
fi=(161)
162 53217
fe=(160)
3681 35478
+3 53217
+14 35478
+11 17739
+5 17739
-2 35478
+50 106416
-53 17739
+12 70956
-20 70956
+31 17739
+2 35478
+2 35478
+5 17736
+2 17736
-2 17736
+3 35472
+2 17736
+2 35472
+2 63
+2 126
fi=(161)
315 1
cfn=(552) ptmalloc_init.part.0
calls=1 -2 
* 1128
* 1
fe=(160)
3657 17739
+1 53217
+7 17739
+97 3
-25 6
+25 12
-25 3
cob=(2)
cfi=(51)
cfn=(572)
calls=3 0 
* 129905
3241 4
cfn=(558)
calls=1 -6 
* 484
* 1

fn=(716)
1626 5968
+2 29840
+3 11936
+1 5968
-1 17904
+3 23872
+3 5968
+1 5968
+1 13994
+2 144
+1 432
+3 144
+14 72
+1 144
+3 11936

fn=(560)
1343 39206
3771 19603
1362 19603
3771 156824
1362 39206
3904 19385
+2 19385
-2 19385
+2 38770
+2 316
+1 632
+6 316
-4 316
+1 316
+1 316
+2 632
+7 1264
-1 632
+1 632
3181 316
3927 316
3183 316
3927 316
3181 316
3927 948
+1 2
1362 39206
3811 39206
4397 39206
3838 39206
+63 3606
+62 4224
+1 390
+1 216
cfn=(742) malloc_consolidate
calls=108 4715 
* 51135
* 108
3847 176
-6 88
+9 88
+1 88
-1 176
+1 440
+5 176
+1 176
+7 88
-1 176
+1 440
+5 88
+1 88
3183 88
3870 176
-17 53400
-10 17800
+2 88736
4399 38138
3903 19069
4399 247897
3983 19069
+1 19069
-1 38138
-1 38138
+2 38138
-1 130
+1 130
-1 260
-1 260
+2 260
-2 57594
+12 19198
-6 19198
+73 76792
-67 57595
-6 1
+73 4
-67 12
4158 1754
-91 1754
+91 3508
-91 1754
-74 1754
3181 1754
4067 1754
3181 3508
4025 3508
3183 3508
3997 7016
+1 1754
+2 3508
-3 4372
+1 1093
+2 2186
+1 8541
+2 2847
+1 11388
+2 11388
-10 2847
+12 5694
+1 5694
+2 5694
+11 9294
+31 2549
+1 2549
+4 5098
+29 4780
+2 4636
+1 6954
+1 2318
-1 2318
+57 2318
+2 4636
-2 4636
+2 2318
+7 2318
-9 6954
+9 2318
-7 2318
+1 2318
+1 2318
+6 4636
-10 72
+2 144
-2 144
+2 72
+7 72
-9 216
+9 72
-7 72
+1 72
+1 72
+6 144
3994 2
2005 738
4413 176427
2005 316
3944 316
2005 632
4060 159
+1 159
-1 159
+1 318
+5 159
-21 159
+21 159
+1 632
2005 316
4095 395
+1 216
+1 72
-1 72
+4 144
+66 7170
3994 7170
4183 37490
+2 387
+3 129
-3 129
+3 258
+1 8
+67 37482
+1 18741
+1 18741
-1 18741
+1 18741
+1 37482
+1 56223
+5 42154
+16 5273
+2 10546
-4 14606
+8 2030
+3 4060
+2 527
+1 527
+1 527
-2 2108
-27 527
3181 1
+2 1
+2 1
-4 1
+2 4
4071 1
3184 1
+1 1
4071 1
3963 8
4144 216
4023 3246
+1 1866
+5 298
-1 596
+3 298
-1 298
+1 596
+1 298
+1 596
+2 146
+4 73
+6 73
-6 511
+2 219
+1 73
2005 219
4039 225
+6 225
-6 1575
+2 675
+1 225
2005 675
4269 52413
+3 69800
-3 51762
+3 68488
-3 34180
+3 50820
+97 17238
+1 34476
+2 34476
+3 51742
+17 42
+2 6
cfn=(742)
calls=3 4715 
* 1083
+3 3
-1 9
+1 3
-1 3
3904 5019
4299 4509
+3 3006
+2 1503
+3 3006
-3 1503
+3 3006
cfn=(716)
calls=1503 1626 
* 34154
+3 6012
+15 2872
-5 1436
+5 2872
+1 2872
+3 1436
+1 1436
+1 1436
+3 2872
+1 1432
+1 2872
+2 72
+3 288
+2 108
+1 36
2005 36
4347 36
2005 72
4341 11200
+2 4200
+1 1400
2005 1400
4347 1400
2005 2867
4347 67
2005 134
4272 228
+2 912
+1 456
-1 20
+1 10
-3 10
+41 67
-1 67
+1 134
3193 3
+1 2
+2 4
+1 1
+1 1
4174 1
+18 8
+1 24
+6 8
+5 4
+1 12
cfn=(716)
calls=4 1626 
* 152
-1 4
+4 12
2005 4
4239 4
2005 8
4380 17224
-2 34448
+2 17224
-1 17224
+6 17224
-5 17224
-3 17224
+3 17224
+2 17224
-2 68896
2005 17224
4382 17224
2005 34448
4407 44
cfn=(562)
calls=11 2548 
* 1859
* 11
+1 22
2005 33
4211 4
-1 4
+1 8

fn=(706)
4421 42336
+10 5292
-10 15876
+10 10584
+6 26460
+1 10584
+4 21168
+8 26460
-1 10584
+1 10584
+29 5240
-20 5240
-6 5240
+6 10480
+20 20960
+14 10392
+11 13644
+2 10233
2012 10233
4527 3411
+1 3411
+4 10233
+2 10233
+4 6822
+2 13644
+1 3411
+19 13202
+1 3480
4702 58212
4569 3570
+3 1785
+3 5355
+7 1785
-4 1785
+4 3570
+3 3570
+5 5355
+3 3570
+1 3570
+1 3570
2012 5355
4601 3570
+1 528
+2 528
-1 528
+2 2112
+2 1056
cfn=(716)
calls=528 1626 
* 12054
+3 3570
+5 3564
+4 1308
+9 1308
-1 1308
+1 3924
+1 2616
-1 474
-1 474
+1 1422
+1 948
+2 1782
+2 3564
+5 1782
+1 1782
+2 5346
+1 1782
+30 3570
+20 5355
3181 96
+4 96
-4 96
+2 384
+1 96
+1 96
4482 96
4635 1083
+38 18
+3 12
+2 6
-2 6
-23 3
+1 9
+1 6
-39 474
+1 474
-1 474
cfn=(716)
calls=474 1626 
* 10851
+1 474
-30 5355
-2 3570
+89 12
cfn=(742)
calls=6 +41 
* 199655
* 6
+4 24
+2 10
cfn=(788) systrim.constprop.0
calls=5 2986 
* 373
* 5

fn=(648)
3352 3362
+4 6724
-4 3360
+14 3360
-14 6720
+12 3360
+4 3360
-4 3360
+4 6720
+17 10080
fi=(161)
162 10080
fe=(160)
3391 6720
cfn=(706)
calls=3360 4421 
* 541567
+3 3360
+1 13442

fn=(788)
2986 5
-9 15
+9 10
+2 5
+1 10
+5 5
+1 5
-1 10
+4 25
+2 10
-10 3
+50 20
-33 4
cfi=(163)
cfn=(566)
calls=2 25 
* 56
* 2
+1 8
+12 6
cfi=(163)
cfn=(566)
calls=2 25 
* 90
+1 4
cfi=(163)
cfn=(566)
calls=2 25 
* 56
+2 2
+2 4
+4 4
+4 4
-1 2
+1 4
+2 4

fn=(584)
3287 18
+7 6
1343 6
+19 12
3306 12
+3 6
+10 6
+28 10
1362 3
3304 9
+7 6
3193 2
+1 2
+2 1
+1 1
-1 3
+1 1
+1 1
3347 5
-26 8
cfn=(560)
calls=2 1343 
* 279
+1 10
fi=(161)
162 4
fe=(160)

fn=(742)
4715 117
+17 117
-17 468
+28 117
-28 351
+15 117
+2 117
+13 234
+1 234
-1 2106
+1 2106
+62 3510
+1 936
-31 6638
+4 4092
+2 2046
+1 4092
+1 4092
+2 4092
-4 1273
+1 2546
+1 2546
+2 2546
+1 700
+4 350
+2 350
-2 700
+3 350
+9 700
-12 2969
+2 2969
-2 5938
+3 2969
+9 9078
-56 6638
+4 9957
+1 13276
+8 3319
-3 6638
+3 3319
-3 3319
+4 3319
-4 3319
+5 3319
-5 3319
+5 6638
+2 6638
+1 1544
+2 1544
-1 1544
+2 6176
+2 9264
cfn=(716)
calls=1544 1626 
* 34472
* 6176
+3 6638
+4 1273
+1 3819
+16 1273
-16 1273
cfn=(716)
calls=1273 1626 
* 28474
* 3819

fl=(92)
fn=(314)
29 1
fi=(93)
+24 3
-1 2
+4 3
+14 2
+2 2
+8 2
+8 2
+2 5
fe=(92)

fl=(164)
fn=(568)
37 36
+6 18
-6 18
+3 18
-3 36
+3 18
+3 18
+20 5
+15 90
-20 36
+1 2
cfi=(165) ./misc/../sysdeps/unix/sysv/linux/brk.c
cfn=(570) brk
calls=1 -24 
* 9
* 2
+4 1
-1 36
+4 46
+2 4
-2 6
+8 2
cfi=(165)
cfn=(570)
calls=2 -39 
* 18
* 11
cfi=(165)
cfn=(570)
calls=11 -39 
* 99
* 26

fl=(104)
fn=(344)
66 1
-25 4
+1 3
+2 2
+5 3
+3 3
+14 1

fl=(206)
fn=(812)
30 4
+3 4
-3 14
+3 8
+3 6
+4 12
-4 6
+58 8
+4 12
-4 6
+11 4
+1 4
cfi=(207)
cfn=(814)
calls=2 -30 
* 32
+1 8
+1 16

fl=(114)
fn=(366)
29 1
fi=(84)
+4 5
-1 2
+2 3
+2 2
+4 3
+3 4
fe=(114)
-14 1

fl=(126)
fn=(402)
33 1
fi=(93)
+20 3
-1 2
+4 3
+14 2
+2 2
+8 2
+8 2
+2 5
fe=(126)

fl=(189) ./libio/./libio/iofclose.c
fn=(690) fclose@@GLIBC_2.2.5
34 5
+14 3
fi=(179)
883 2
+1 3
fe=(189)
57 1
fi=(179)
940 3
+2 2
+1 2
fe=(189)
57 3
cfi=(170)
cfn=(710) _IO_file_finish@@GLIBC_2.2.5
calls=1 168 
* 29
+1 3
+13 2
fi=(179)
855 4
+1 4
+6 2
cob=(2)
cfi=(51)
cfn=(646)
calls=1 0 
* 91
fe=(189)
76 5
-27 1
cfi=(169)
cfn=(692) _IO_un_link
calls=1 +4 
* 108
+2 12
+1 1
-1 2
fi=(179)
883 2
fe=(189)
52 2
+1 2
cfi=(170)
cfn=(696) _IO_file_close_it@@GLIBC_2.2.5
calls=1 +75 
* 241
fi=(179)
883 1
fe=(189)
53 1
fi=(179)
883 2
+1 4
fe=(189)

fl=(149)
fn=(504)
83 1
+1 4
+1 3
+1 3
+2 1

fl=(115)
fn=(370)
31 1
fi=(84)
+2 5
-1 2
+2 3
+2 2
+4 3
+3 4
fe=(115)
-12 1

fl=(205)
fn=(802)
367 1
51 3
+1 2
367 1
57 2
+8 1
-3 1
-23 1
+1 2
+30 1
369 2
40 3
+1 2
+33 2
+6 4
+4 3
+3 3

fl=(86)
fn=(300)
65 2
-24 4
+1 2
-1 4
+1 4
+2 4
+5 6
+3 6
+13 2

fl=(108)
fn=(352)
29 1
fi=(101)
+7 2
+1 1
-1 2
+1 2
+2 2
+4 3
+3 3
fe=(108)
-17 1

fl=(154)
fn=(534)
28 1
+2 1
+2 1
cfi=(155) ./setjmp/../sysdeps/x86_64/setjmp.S
cfn=(536) __sigsetjmp
calls=1 -2 
* 31

fl=(184) ./io/../sysdeps/unix/sysv/linux/read.c
fn=(654) read
25 3
+1 18
+1 3

fl=(196) ./string/../sysdeps/x86_64/multiarch/strcmp-avx2.S
fn=(750) __strcmp_avx2
83 327290000
+23 327290000
+1 327290000
+2 327290000
+1 327290000
+1 327290000
+1 327290000
+1 327290000
+2 255460000
+1 255460000
+1 255460000
+1 255460000
+1 255460000
+1 255460000
+1 255460000
+1 255460000
+18 255460000
+1 255460000
+1 255460000
+3 510920000
718 71830000
+1 71830000
+4 71830000
+11 71830000
+1 71830000
+1 71830000
+2 143660000
+10 71830000
+1 71830000
+2 41140000
+1 41140000
+1 41140000
+1 41140000
+1 41140000
+1 41140000
+1 41140000
+15 30690000
+1 30690000
+1 30690000
+1 30690000
+1 30690000
+1 30690000
+1 30690000
+1 30690000
+1 30690000

fl=(181) ./libio/./libio/filedoalloc.c
fn=(634) _IO_file_doallocate
78 18
+6 8
fi=(179)
940 6
+2 4
+1 4
fe=(181)
84 6
cfi=(170)
cfn=(636) _IO_file_stat
calls=2 1146 
* 36
* 4
+2 8
+11 8
+4 4
cob=(2)
cfi=(51)
cfn=(582)
calls=2 0 
* 232
* 2
+1 4
+2 8
cfi=(169)
cfn=(642) _IO_setb
calls=2 329 
* 48
+1 2
+1 16
-15 1
fi=(222) ./libio/../include/sys/sysmacros.h
-44 6
fe=(181)
+44 1
-2 2
+5 2

fl=(81)
fn=(290)
86 1
fi=(82) ./string/../sysdeps/x86/cacheinfo.h
-25 1
+3 3
+2 1
+1 1
-1 2
+7 3
+2 1
+1 1
-1 2
+5 2
+2 2
+1 2
+1 2
+2 2
fe=(81)
* 2

fl=(109)
fn=(356)
31 1
fi=(216)
+1 5
fe=(109)
-1 1

fl=(185) ./libio/./libio/rewind.c
fn=(660) rewind
32 5
+2 13
+1 5
cfi=(177)
cfn=(618)
calls=1 -2 
* 166
+1 4
fi=(179)
883 2
+1 9
fe=(185)
38 4

fl=(187) ./libio/./libio/iofread.c
fn=(670) fread
31 5
+1 1
-1 1
+1 1
-1 2
+4 2
+2 17
+1 4
cfi=(169)
cfn=(672) _IO_sgetn
calls=1 409 
* 545
fi=(179)
883 2
+1 10
fe=(187)
40 2
+1 9
-1 2

fl=(199)
fn=(770)
163 2
+3 4
+2 2
+9 170
+9 2

fl=(151) ./csu/../csu/libc-start.c
fn=(510) __libc_start_main@@GLIBC_2.34
242 12
343 3
+1 3
cfi=(152)
cfn=(512)
calls=1 69 
* 71
+25 6
+6 2
-3 2
+10 2
cob=(2)
cfi=(51)
cfn=(526)
calls=1 0 
* 836
+2 2
+8 4
cfi=(153)
cfn=(532)
calls=1 29 
* 32813082927
128 2
+6 3
+1 6
cob=(2)
cfi=(51)
cfn=(516)
calls=1 0 
* 7
* 1
+3 1
+1 2
+3 2
+1 2
-1 1
+2 7
+1 4
cob=(5)
cfi=(150)
cfn=(520) 0x0000000000001320
calls=1 0 
* 12
-1 4

fl=(161)
fn=(552)
313 1
fi=(160)
3162 3
fe=(161)
313 5
+5 1
fi=(160)
3162 2
cfi=(162)
cfn=(554)
calls=1 28 
* 9
* 2
fe=(161)
343 2
+4 3
fi=(160)
1966 4
+3 1
-3 1
+3 2
-3 2
+3 126
-3 126
+3 252
-3 252
fe=(161)
352 3
fi=(160)
1977 1
+1 1
+2 1
fe=(161)
352 1
cob=(2)
cfi=(51)
cfn=(450)
calls=1 0 
* 23
+1 4
cob=(2)
cfi=(51)
cfn=(450)
calls=1 0 
* 22
+1 4
cob=(2)
cfi=(51)
cfn=(450)
calls=1 0 
* 23
+1 4
cob=(2)
cfi=(51)
cfn=(450)
calls=1 0 
* 23
+1 4
cob=(2)
cfi=(51)
cfn=(450)
calls=1 0 
* 22
+1 4
cob=(2)
cfi=(51)
cfn=(450)
calls=1 0 
* 23
+1 4
cob=(2)
cfi=(51)
cfn=(450)
calls=1 0 
* 23
+2 4
cob=(2)
cfi=(51)
cfn=(450)
calls=1 0 
* 23
+1 4
cob=(2)
cfi=(51)
cfn=(450)
calls=1 0 
* 23
+1 4
cob=(2)
cfi=(51)
cfn=(450)
calls=1 0 
* 23
+3 4
cob=(2)
cfi=(51)
cfn=(450)
calls=1 0 
* 23
+1 4
cob=(2)
cfi=(51)
cfn=(450)
calls=1 0 
* 23
+1 2
+63 7

fl=(165)
fn=(570)
35 14
+1 56
+1 28
+6 14
+1 14

fl=(192)
fn=(724)
50 14379
+13 14379
+1 14379
+1 14379
+3 14379
+2 14379
+1 14379
+3 14274
+1 14274
+8 14274
+1 14274
+1 14274
+5 28548
+26 12
+13 12
+1 12
+1 12
+6 24
+97 12
+6 12
+1 12
+1 12
509 105
+1 105
+1 105
+3 105
+15 105
+1 105
+1 93
+7 186

fl=(171)
fn=(596)
24 5
+3 10
+3 20
+1 5
+2 5
+1 5

fn=(598)
39 5
+3 10
+2 10
+1 10
+2 5

fl=(190) ./io/../sysdeps/unix/sysv/linux/close_nocancel.c
fn=(702) __close_nocancel
25 1
+1 4
+1 1

fl=(105)
fn=(346)
31 1
fi=(216)
+1 5
fe=(105)
-1 1

fl=(178) ./io/../sysdeps/unix/sysv/linux/lseek64.c
fn=(624) lseek
28 3
+8 12
+2 3

fl=(191) ./debug/./debug/strcpy_chk.c
fn=(720) __strcpy_chk
27 43137
+1 14379
-1 57516
+1 14379
cob=(2)
cfi=(51)
cfn=(722)
calls=14379 -28 
* 230358
+1 28758
+4 14379
-1 28758
+1 14379
-1 14379
+1 14379
-1 14379
cob=(2)
cfi=(51)
cfn=(682)
calls=14379 -32 
* 248659

fl=(137)
fn=(442)
29 1
+2 7
+2 4
+2 4
+1 1

fl=(200) ./io/../sysdeps/unix/sysv/linux/write.c
fn=(780) write
25 1
+1 7
+1 1

fl=(168) ./libio/./libio/iofopen.c
fn=(580) fopen@@GLIBC_2.2.5
85 6
-20 1
+20 2
-20 1
cob=(2)
cfi=(51)
cfn=(582)
calls=1 -65 
* 185
+2 3
+3 1
+2 2
-2 1
+2 5
cfi=(169)
cfn=(588) _IO_no_init
calls=1 563 
* 55
+1 1
+1 1
-1 1
+1 1
cfi=(170)
cfn=(592) _IO_new_file_init_internal
calls=1 +32 
* 113
+1 5
cfi=(170)
cfn=(600) _IO_file_fopen@@GLIBC_2.2.5
calls=1 213 
* 204
* 2
-38 2
+50 7

fl=(87)
fn=(302)
29 1
fi=(88)
+5 4
-1 2
+2 3
+2 2
+4 3
+3 3
fe=(87)
-15 1

fl=(99)
fn=(332)
30 1
fi=(95)
+3 5
-1 2
+2 3
+2 2
+4 3
+3 4
fe=(99)
-13 1

fl=(169)
fn=(590) _IO_old_init
531 1
+3 1
-2 1
+2 1
+5 1
-7 1
+2 1
+10 1
-10 1
+16 1
-11 1
-5 1
+16 1
-16 1
+21 1
-16 5
+16 2
+1 2
+2 1

fn=(676) __underflow
269 5
+1 4
+5 3
+3 1
173 1
278 2
+2 2
+6 2
+7 1
fi=(179)
940 3
+2 2
+1 2
fe=(169)
293 1
+1 1
-1 1
+1 2
-1 1
cfi=(170)
cfn=(678) _IO_file_underflow@@GLIBC_2.2.5
calls=1 461 
* 101
-2 3

fn=(680) _IO_switch_to_get_mode
164 5
+1 3
+3 3
+4 2
+1 2
+7 1
-4 1
+4 1
-2 2
+3 1
+1 4

fn=(698) _IO_unsave_markers
960 2
+2 1
-2 1
+2 1
+5 3
+2 2

fn=(644) _IO_free_backup_area
187 6
+1 4
+2 4
cob=(2)
cfi=(51)
cfn=(646)
calls=2 0 
* 12
+1 2
+1 2
-1 2
+3 4

fn=(712) _IO_default_finish
601 3
+2 3
+6 3
+3 3
54 2
624 2

fn=(768) _IO_default_xsputn
371 1
+3 2
-3 8
fi=(179)
940 1
fe=(169)
371 1
fi=(179)
940 1
fe=(169)
371 1
fi=(179)
940 1
fe=(169)
371 2
+28 101
fi=(179)
942 66
+1 66
fe=(169)
399 132
cfi=(170)
cfn=(764) _IO_file_overflow@@GLIBC_2.2.5
calls=33 731 
* 1122
* 66
+2 33
-22 169
+25 1
-29 1
+29 7

fn=(642)
329 27
+1 14
+5 6
-3 3
+3 12
+3 13
-7 1
cob=(2)
cfi=(51)
cfn=(646)
calls=1 0 
* 134
+4 3

fn=(692)
53 2
+1 4
+28 2
cfn=(694) __GI__IO_un_link.part.0
calls=1 -30 
* 104

fn=(694)
52 2
+7 1
-7 7
+6 6
cfi=(171)
cfn=(596)
calls=1 -34 
* 10
+1 9
+2 1
-1 1
-1 2
+2 10
+13 1
-13 1
+2 1
+13 1
-15 2
+15 1
-13 2
+3 1
-1 2
+1 1
+8 2
+2 11
+2 2
-1 1
+1 7
+1 2
cfi=(171)
cfn=(598)
calls=1 -40 
* 8
+3 9

fn=(854) _IO_flush_all_lockp
686 12
+5 6
cfi=(171)
cfn=(596)
calls=1 24 
* 10
+1 9
+3 1
-8 1
+5 2
+3 2
fi=(179)
940 4
fe=(169)
709 6
+2 3
-16 9
+2 3
+1 6
+3 21
+14 9
+1 2
cfi=(171)
cfn=(598)
calls=1 39 
* 8
+4 12

fn=(594) _IO_link_in
87 14
+1 2
-1 6
+1 6
+18 20
-16 1
+2 3
-2 1
+2 1
+1 1
-1 3
cfi=(171)
cfn=(596)
calls=1 -68 
* 10
+1 9
+2 1
-1 1
-1 2
+2 10
+5 1
-3 1
-2 2
+3 1
-1 1
+3 12
+1 1
+1 7
+1 2
cfi=(171)
cfn=(598)
calls=1 -64 
* 8
+3 1

fn=(632) _IO_doallocbuf
343 2
+1 4
-1 6
+3 8
+1 2
fi=(179)
940 6
+2 4
+1 4
fe=(169)
347 4
cfi=(181)
cfn=(634)
calls=2 78 
* 430
* 4
+3 8

fn=(588)
563 10
+1 1
cfn=(590)
calls=1 -33 
* 25
+1 1
+1 2
+2 1
+4 1
+7 1
+2 1
-9 5
+15 1
+1 6

fn=(862) _IO_default_setbuf
452 2
fi=(179)
940 1
fe=(169)
452 2
fi=(179)
940 1
fe=(169)
452 1
fi=(179)
940 1
fe=(169)
452 4
+1 1
fi=(179)
942 2
+1 2
fe=(169)
453 2
cfi=(170)
cfn=(864) _IO_file_sync@@GLIBC_2.2.5
calls=1 792 
* 18
* 2
+4 1
330 1
462 1
-7 2
332 2
+5 1
-5 1
+5 1
467 1
332 1
466 4
+2 6
-11 1
+1 2
-1 1
330 4

fn=(672)
409 2
fi=(179)
940 3
fe=(169)
409 1
+2 1
fi=(179)
942 2
+1 2
fe=(169)
411 1
+1 2
-1 1
cfi=(170)
cfn=(674) _IO_file_xsgetn
calls=1 1272 
* 530

fn=(852)
863 2
+3 1
-3 9
-77 1
+80 1
cfn=(854)
calls=1 686 
* 126
-80 2
+80 1
-80 3
cfi=(171)
cfn=(596)
calls=1 24 
* 10
+1 9
+3 1
-3 2
+3 2
fi=(179)
940 4
fe=(169)
838 3
-48 9
+9 9
+2 6
+6 13
+8 5
+9 1
fi=(179)
942 2
+1 2
fe=(169)
824 4
cfi=(170)
cfn=(860) _IO_file_setbuf@@GLIBC_2.2.5
calls=1 381 
* 83
+2 3
+4 5
+1 8
+11 9
+1 2
cfi=(171)
cfn=(598)
calls=1 39 
* 8
+35 12
-59 1
-2 1
+3 1
-3 1
+2 3

fl=(173) ./string/../string/strstr.c
fn=(606) __GI_strstr
77 8
+5 1
-5 3
+5 2
+2 4
cob=(2)
cfi=(51)
cfn=(608)
calls=1 -84 
* 23
* 1
+1 2
+44 1
+32 12

fl=(155)
fn=(536)
30 1
+2 1
+9 1
+1 2
+1 1
+4 1
+1 1
+1 1
+1 1
+1 1
+2 2
+2 1
+1 1
+1 1
+2 2
+2 1
+5 1
+1 1
+17 1
cfi=(156)
cfn=(538)
calls=1 -56 
* 9

fl=(170)
fn=(864)
792 5
+5 4
+2 1
+1 2
+11 2
+4 4

fn=(678)
461 1
+4 3
-4 8
+7 2
+6 3
+3 2
+12 2
+9 2
fi=(179)
940 1
+2 1
-2 1
fe=(170)
505 2
cfi=(169)
cfn=(680)
calls=1 164 
* 25
+6 1
+5 1
-5 1
fi=(179)
942 2
fe=(170)
511 1
fi=(179)
942 1
fe=(170)
511 3
fi=(179)
943 2
fe=(170)
516 4
cfn=(652) _IO_file_read
calls=1 1130 
* 14
+2 2
+16 1
-9 1
+9 2
+1 2
+1 2
+1 8

fn=(764)
731 175
+1 140
+7 173
+37 34
-2 68
+3 66
+3 99
+1 99
+1 132
+4 33
+1 132
-45 2
+12 2
+9 3
+5 3
+2 2
-3 2
+3 1
+1 1
-6 1
+1 1
+5 4
+1 1
+2 2
+13 2
-12 2
+1 2
+11 4
-12 2
cfn=(766) _IO_do_write@@GLIBC_2.2.5
calls=2 423 
* 113
-31 2
cfi=(169)
cfn=(632)
calls=1 343 
* 176
+1 1
+9 1
-9 5

fn=(622) _IO_file_seek
1139 3
+1 6
cfi=(178)
cfn=(624)
calls=3 28 
* 18

fn=(652)
1130 3
+1 3
+2 3
-1 3
+1 6
cfi=(184)
cfn=(654)
calls=3 25 
* 24

fn=(762)
1197 15
+7 3
-7 9
+6 12
+9 6
-2 12
+17 3
+6 2
+2 2
+2 4
-2 2
+1 2
+1 2
-2 2
cob=(2)
cfi=(51)
cfn=(772)
calls=2 0 
* 37
* 2
+4 4
+28 27
-55 2
+4 2
-4 2
+1 4
+18 1
+12 1
fi=(179)
940 3
+2 2
+1 2
fe=(170)
1243 1
fi=(179)
940 3
+2 2
+1 2
fe=(170)
1243 6
cfn=(764)
calls=2 731 
* 364
* 4
+6 4
+1 14
+2 4
+11 6
+1 4
cfi=(169)
cfn=(768)
calls=1 371 
* 1782
+2 3
-48 39
-2 30
+4 1
+11 3
443 2

fn=(766)
423 2
+2 6
+1 1
-3 1
fi=(179)
940 1
fe=(170)
423 2
fi=(179)
940 1
fe=(170)
423 1
fi=(179)
940 2
fe=(170)
423 5
+20 1
-10 2
+7 4
fi=(179)
942 2
+1 2
fe=(170)
448 4
cfn=(778) _IO_file_write@@GLIBC_2.2.5
calls=1 1173 
* 46
* 1
+1 5
+2 1
+4 2
-3 2
-1 2
+4 2
-2 1
-28 4
+1 8
+28 2

fn=(602) _IO_file_open
182 2
+3 1
-3 7
+2 2
+4 1
cfi=(172)
cfn=(604)
calls=1 30 
* 34
* 1
+1 2
+3 2
+3 1
-4 1
+1 4
+3 2
+10 2
cfi=(169)
cfn=(594)
calls=1 87 
* 24
+1 1
+1 4

fn=(620)
900 48
+8 10
-60 6
+66 6
+2 1
+1 2
+25 6
+23 1
fi=(179)
-25 3
+2 2
+1 2
fe=(170)
+22 3
cfn=(636)
calls=1 1146 
* 18
* 6
+2 2
-53 4
+3 4
+12 4
+3 3
+5 2
cfi=(169)
cfn=(632)
calls=1 343 
* 306
+1 2
+1 3
+3 2
+26 1
+7 2
cfi=(169)
cfn=(644)
calls=1 187 
* 18
* 2
cfi=(169)
cfn=(644)
calls=1 187 
* 18
+5 2
+1 2
-1 6
+1 2
+3 7
-1 1
+2 5
fi=(179)
-43 1
-2 2
fe=(170)
+57 2
fi=(179)
-55 1
-2 2
fe=(170)
+57 2
+4 4
+1 2
-1 4
+2 2
-2 2
+1 2
+1 4
+5 2
fi=(179)
-66 4
+1 4
fe=(170)
+65 6
cfn=(622)
calls=2 1139 
* 18
* 2
+1 4
+2 4
+4 1
fi=(179)
-73 2
+1 2
fe=(170)
+72 8
cfn=(652)
calls=1 1130 
* 14
+3 2
+11 1
-3 1
+3 1
-3 2
+4 1
-4 1
+3 2
-3 4
+5 2
-5 2
+4 1
-4 1
+3 2
-3 4
+5 2
+23 44
846 4
+4 1
-2 2
+2 1
+5 2
1006 2
879 1
-37 1
+37 4
+10 4
-10 1
-14 2
+1 3
+16 1
fi=(179)
+58 3
+2 2
+1 2
fe=(170)
-61 4
cfn=(622)
calls=1 1139 
* 9
+2 2

fn=(636)
1146 3
+1 6
cfi=(182)
cfn=(638)
calls=3 29 
* 45

fn=(710)
168 5
+1 2
+7 1
-1 2
+1 2
-1 1
cfi=(169)
cfn=(712)
calls=1 601 
* 16

fn=(860)
381 3
+1 1
cfi=(169)
cfn=(862)
calls=1 +70 
* 69
* 2
+3 1
+4 2
-2 3
+3 2

fn=(592)
106 1
+5 1
-5 2
+4 1
+3 1
cfi=(169)
cfn=(594)
calls=1 -26 
* 104
+1 1
+1 2

fn=(674)
1272 10
+7 1
-7 1
+7 1
+11 1
fi=(179)
940 3
fe=(170)
1290 4
+2 3
+1 2
-1 6
+1 4
+8 4
+8 4
+9 6
+1 8
+18 2
+1 6
+3 3
fi=(179)
942 1
fe=(170)
1329 1
fi=(179)
942 1
fe=(170)
1329 2
fi=(179)
943 2
fe=(170)
1341 3
cfn=(652)
calls=1 1130 
* 14
+1 2
+12 1
-2 1
+1 1
+1 2
+1 2
-65 2
+5 3
cob=(2)
cfi=(51)
cfn=(682)
calls=1 0 
* 269
+1 3
+25 2
cfi=(169)
cfn=(676)
calls=1 269 
* 138
* 2
+39 9

fn=(778)
1173 7
+2 6
+5 1
cfi=(200)
cfn=(780)
calls=1 25 
* 9
+1 2
+5 1
+1 1
-12 2
+4 3
+1 2
+10 3
+3 6
-4 3

fn=(600)
213 11
+9 2
+2 6
356 12
247 6
+33 4
cfn=(602)
calls=1 -98 
* 91
* 1
+3 2
+3 3
cfi=(173)
cfn=(606)
calls=1 77 
* 57
* 1
+1 2
-40 2
-19 1
-1 1
-13 2

fn=(696)
128 4
+2 3
+4 2
+3 1
-3 1
-1 2
+6 1
+3 1
-3 1
cfi=(169)
cfn=(698)
calls=1 960 
* 10
+3 3
fi=(179)
940 3
+2 2
+1 2
fe=(170)
142 2
cfn=(700) _IO_file_close
calls=1 1164 
* 9
* 1
+3 3
+8 5
cfi=(169)
cfn=(642)
calls=1 329 
* 165
+1 1
+3 1
-3 3
+3 1
cfi=(169)
cfn=(692)
calls=1 53 
* 4
+5 1
-4 1
+1 1
+3 1
-2 1
+3 5

fn=(700)
1164 1
+3 2
cfi=(190)
cfn=(702)
calls=1 25 
* 6

ob=(4)
fl=(145)
fn=(490)
0 5

fn=(832)
0 11
cob=(2)
cfi=(51)
cfn=(838)
calls=1 0 
0 74
0 10
cfn=(844) 0x0000000000001070
calls=1 0 
0 5
0 5

fn=(844)
0 5

fn=(482)
0 12

ob=(5)
fl=(175) /home/matvey/Рабочий стол/HashTable/utilities/utils.cpp
fn=(612) get_file_to_str(_IO_FILE*, unsigned long*, int*)
9 9
+1 2
+1 2
+20 2
cob=(3)
cfi=(176)
cfn=(616)
calls=1 +3 
* 128
* 1
+1 2
-1 1
+1 1
cob=(3)
cfi=(180)
cfn=(630)
calls=1 * 
* 583
* 1
+1 2
cob=(3)
cfi=(176)
cfn=(616)
calls=1 +1 
* 115
* 1
+1 1
-1 1
+1 1
cob=(3)
cfi=(185)
cfn=(660)
calls=1 -2 
* 208
* 1
-21 1
+2 3
cob=(3)
cfi=(160)
cfn=(548)
calls=1 3624 
* 76552
* 1
* 6
cfn=(664) add_pointer_dyn_mem(void*, int*)
calls=1 177 
* 244
fi=(186) /usr/include/x86_64-linux-gnu/bits/stdio2.h
293 5
cob=(3)
cfi=(187)
cfn=(670)
calls=1 31 
* 603
* 1
fe=(175)
18 2
+2 1
+5 7

fn=(664)
177 86286
+1 28762
+2 43143
+4 43140
+6 14380
+1 57520
-9 3
cob=(3)
cfi=(160)
cfn=(548)
calls=1 3624 
* 219
* 1
* 4
+8 2
+1 4

fn=(714) get_n_lines(char*, int*)
71 5
+1 2
+4 4
-2 1
+6 2
-4 1
+4 2
-4 3
+4 152614
-4 76307
+4 152614
-4 228921
+9 5

fn=(790) free_ptr_dyn_mem()
194 2
+1 1
+6 1
-7 4
+1 2
+6 2
cob=(3)
cfi=(160)
cfn=(648)
calls=1 3352 
* 110
* 1
+4 2
-3 1
+2 1
+1 2

fl=(159) /home/matvey/Рабочий стол/HashTable/./src/hash_table.cpp
fn=(544) hash_init(HashTable*, unsigned int (*)(char*, int*), int, int*)
18 7
+3 1
-2 1
+2 2
cob=(3)
cfi=(160)
cfn=(548)
calls=1 3624 
* 17864
* 1
* 3
+2 1
+9 2
-7 1
+7 1
-5 1
+5 2

fn=(726) hash_filling(HashTable*, char* const*, unsigned long, int*)
35 12
+2 2
+2 4
+2 1
+11 3
cfi=(193) /home/matvey/Рабочий стол/HashTable/./src/../include/././hash_func.h
cfn=(728) sse_crc32_hash_func(char*, int*)
calls=1 +69 
* 40
-11 14378
+11 43134
cfi=(193)
cfn=(728)
calls=14378 +69 
* 1526120
+15 100653
-10 25402
-18 12701
+18 12701
cfi=(194) /home/matvey/Рабочий стол/HashTable/list/list.cpp
cfn=(732) list_insert_elem(List*, char*, int*)
calls=12701 +36 
* 1685072
+3 12701
-21 25402
+7 8
+23 5034
-30 3356
+30 1678
cfi=(194)
cfn=(730) list_init(int, int*)
calls=1678 -21 
* 953174
* 1678
-12 3356
+12 1678
-12 6712
cfi=(194)
cfn=(732)
calls=1678 +36 
* 400458
+3 1678
-21 3356

fn=(746) hash_find_elem(HashTable const*, HashElemPos*, char*, int*)
75 1437900000
+1 287580000
+1 287580000
+3 431370000
cfi=(193)
cfn=(728)
calls=143790000 +41 
* 15261600000
* 287580000
+2 143790000
-2 143790000
+2 431370000
+2 1596740000
+2 981870000
cob=(3)
cfi=(196)
cfn=(750)
calls=327290000 -3 
* 7221790000
* 327290000
* 654580000
+2 143790000
+5 862740000

fn=(782) hash_destroy(HashTable*, int*)
119 5
+3 1
+9 1
-9 5
+2 6000
+2 1678
-4 1678
+4 1678
cfi=(194)
cfn=(784) list_deinit(List*, int*)
calls=1678 427 
* 641884
-4 1678
+9 1678
-9 3356
+9 2
cob=(3)
cfi=(160)
cfn=(648)
calls=1 3352 
* 132
* 1
+9 1
-7 1
+1 1
+2 1
+3 1
+1 3
-18 966

fl=(167) /home/matvey/Рабочий стол/HashTable/./src/input.cpp
fn=(576) input_data(char const*, unsigned long*, int*)
9 14
+1 2
+2 3
cob=(3)
cfi=(168)
cfn=(580)
calls=1 +73 
* 599
* 1
* 3
+4 3
-2 1
+2 1
cfi=(175)
cfn=(612)
calls=1 -7 
* 78488
+3 1
-3 1
+3 1
cob=(3)
cfi=(189)
cfn=(690)
calls=1 +15 
* 543
* 1
* 2
+10 2
+2 3
cfi=(175)
cfn=(714)
calls=1 +40 
* 610481
+3 1
-3 3
+3 1
cob=(3)
cfi=(160)
cfn=(548)
calls=1 3624 
* 38017
* 1
* 6
cfi=(175)
cfn=(664)
calls=1 177 
* 19
+4 5
+2 3
cob=(3)
cfi=(160)
cfn=(548)
calls=1 3624 
* 307
* 1
* 43134
cob=(3)
cfi=(160)
cfn=(548)
calls=14378 3624 
* 3151129
* 14378
* 86274
cfi=(175)
cfn=(664)
calls=14379 177 
* 273201
+3 57516
+2 14379
-2 28758
+2 47550
-2 95100
+5 14379
fi=(223) /usr/include/x86_64-linux-gnu/bits/string_fortified.h
+31 43137
fe=(167)
-31 14379
fi=(223)
+31 14379
cob=(3)
cfi=(191)
cfn=(720)
calls=14379 -52 
* 737839
* 14379
fe=(167)
-41 14379
+12 14379
-12 43137
+10 28756
-23 12

fl=(158) /home/matvey/Рабочий стол/HashTable/./src/test.cpp
fn=(542) test_second_part(char const*, int, int*)
49 10
+1 2
+2 4
+1 6
cfi=(159)
cfn=(544)
calls=1 -35 
* 17887
+3 1
+2 6
cfi=(167)
cfn=(576)
calls=1 -49 
* 5479088
* 1
+3 6
cfi=(159)
cfn=(726)
calls=1 -26 
* 4840492
fi=(195) /usr/lib/gcc/x86_64-linux-gnu/11/include/ia32intrin.h
+53 4
fe=(158)
-50 1
+2 2
+2 20000
+2 287580000
+1 1437900000
cfi=(159)
cfn=(746)
calls=143790000 +4 
* 30501360000
-3 575190000
-2 30002
fi=(195)
+48 4
fe=(158)
-38 2
+2 6
cob=(3)
cfi=(197)
cfn=(754)
calls=1 -50 
* 3067
* 1
+2 5
cfi=(159)
cfn=(782)
calls=1 +39 
* 660751
+3 1
cfi=(175)
cfn=(790)
calls=1 194 
* 129
+1 6

fl=(150)
fn=(520)
0 12

fn=(820) 0x0000000000001270
0 5

fn=(508)
0 12
cob=(3)
cfi=(151)
cfn=(510)
calls=1 242 
0 32813083924

fn=(804)
0 9
cob=(2)
cfi=(51)
cfn=(810)
calls=1 0 
0 73
0 1
cfn=(820)
calls=1 0 
0 5
0 3

fl=(194)
fn=(730)
48 10068
+1 3356
+2 5034
cob=(3)
cfi=(160)
cfn=(548)
calls=1678 3624 
* 422712
* 1678
* 5034
+2 5034
cob=(3)
cfi=(160)
cfn=(548)
calls=1678 3624 
* 431460
* 1678
* 5034
+5 1678
-3 1678
+2 1678
+1 1678
+18 5034
+2 5034
+2 1678
+7 1678
-11 1678
+12 1678
-12 3356
+11 1678
-11 1678
+12 1678
-12 3356
+2 1678
+6 1678
-6 3356
+6 1678
-6 3356
+2 3356
-15 1678
+5 3356
-5 1678
+5 5034

fn=(784)
427 5034
+3 3356
cob=(3)
cfi=(160)
cfn=(648)
calls=1678 3352 
* 440544
* 1678
+2 1678
+1 1678
-1 1678
cob=(3)
cfi=(160)
cfn=(648)
calls=1678 3352 
* 184560
* 1678

fn=(732)
93 115032
+3 14379
-3 14379
+11 71895
229 28758
+28 14379
-28 28758
110 43592
+1 10898
+2 21796
-3 3481
+1 3481
+2 6962
+27 28758
+2 1678
+3 1678
-45 10068
+45 12701
-45 76206
247 3481
+10 10443
cob=(3)
cfi=(160)
cfn=(736)
calls=3481 3400 
* 1172916
* 3481
* 13924
+7 3481
-5 3481
+1 3481
+4 13924
76 10443
+2 13924
+2 17383
+7 17383
-11 17383
+12 17383
-12 34766
+11 3481
-11 3481
+12 3481
-12 6962
+17 17383
-9 17383
-6 34766
+6 3481
-6 6962
+2 6962
+35 14379
+5 14379
+20 14379
-24 14379
+2 14379
+2 14379
+2 28758

fl=(157)
fn=(540)
11 2
+16 2
-16 3
+16 1
-15 1
+15 1
cfi=(158)
cfn=(542)
calls=1 +22 
* 32813081484
+4 6

fl=(193)
fn=(728)
121 862826274
+1 287608758
+2 143804379
+2 287608758
+2 4954815432
fi=(224) /usr/lib/gcc/x86_64-linux-gnu/11/include/smmintrin.h
830 2477407716
fe=(193)
128 619351929
-2 5198289777
+5 143804379
+1 287608758

totals: 32813249411
